0.292455 0.756994 -0.422146 
-0.0149326 0.924897 0.249892 
0.101517 0.889669 -0.212692 
-0.225504 0.741046 -0.268349 
-0.0377886 0.745777 -0.179432 
-0.0774867 0.78492 -0.0190469 
-0.295154 0.76954 0.0290469 
-0.16824 0.681236 0.0973145 
-0.223853 0.676023 -0.0905624 
-0.277731 0.645935 0.174076 
-0.393816 0.454204 0.122855 
-0.451659 0.549068 0.190216 
-0.338088 0.459804 0.341738 
-0.502006 0.376272 0.365334 
-0.325803 0.283499 0.2718 
-0.508136 0.171744 0.332234 
-0.501439 0.118092 0.218968 
-0.577645 0.258126 0.00378566 
-0.541457 0.38565 0.250168 
-0.625571 0.245813 0.200599 
-0.506305 0.356509 0.0641386 
-0.437638 0.475724 -0.0498937 
-0.260689 0.411595 0.0194242 
-0.493094 0.408009 -0.164579 
-0.539283 0.312423 -0.0670035 
-0.115967 0.461703 -0.111292 
-0.0373981 0.562321 -0.318274 
-0.201839 0.518775 -0.375124 
-0.152837 0.527495 -0.197445 
-0.375407 0.509107 -0.119233 
-0.353501 0.458888 -0.258396 
-0.409722 0.332588 -0.320093 
-0.303336 0.348261 -0.462811 
-0.0293374 0.371838 -0.320871 
-0.0909132 0.411971 -0.513493 
-0.22883 0.405099 -0.34901 
-0.22669 0.266477 -0.500782 
-0.305083 0.185184 -0.148589 
-0.383241 0.063522 0.00570691 
-0.506885 -0.18428 0.136038 
-0.538979 -0.016748 0.114605 
-0.596065 -0.0795611 -0.0546213 
-0.443582 -0.0775327 0.0250144 
-0.465835 0.0793822 -0.137053 
-0.55854 0.125146 -0.313169 
-0.40745 0.09661 -0.356657 
-0.549012 -0.0697729 -0.260174 
-0.366092 -0.306854 -0.157085 
-0.442113 -0.37842 -0.299909 
-0.199637 -0.213267 -0.428714 
-0.304248 0.0924004 -0.431529 
-0.303527 -0.0699312 -0.359663 
-0.316827 -0.101524 -0.566347 
-0.394543 -0.208034 -0.352722 
-0.441953 -0.196111 -0.105894 
-0.234627 -0.0774973 -0.19482 
-0.158767 -9.95482e-05 -0.278851 
-0.123266 0.041065 -0.459719 
0.0537988 0.217257 -0.529031 
0.160823 0.276372 -0.569586 
0.0517324 0.207634 -0.363336 
0.0517654 0.0776785 -0.50952 
0.0142264 0.0864983 -0.303103 
0.061001 -0.0671577 -0.40266 
0.133572 -0.0245183 -0.520019 
-0.0388612 -0.18655 -0.434352 
-0.187129 -0.248882 -0.0628809 
-0.117518 -0.371471 -0.126026 
0.0554035 -0.495145 -0.159623 
-0.114788 -0.346291 -0.256812 
0.025022 -0.290689 -0.181748 
0.0813358 -0.347953 -0.355183 
0.176545 -0.284759 -0.19729 
0.261341 -0.144224 -0.403114 
0.302906 -0.253779 -0.298279 
0.15613 -0.202842 -0.389808 
0.107763 -0.0867509 -0.157886 
0.197233 0.113262 -0.2362 
0.289576 0.255532 -0.269465 
0.377879 0.12248 -0.414688 
0.440064 -0.0200339 -0.300514 
0.353548 0.227477 -0.368417 
0.307873 0.0520655 -0.150071 
0.362209 -0.0073214 -0.393762 
0.394245 -0.147497 -0.244463 
0.398223 0.162108 -0.157335 
0.534915 0.0725832 -0.235804 
0.458099 0.302032 -0.236136 
0.612659 0.0450769 -0.104444 
0.534036 -0.10142 -0.130886 
0.442678 -0.272813 -0.173262 
0.458038 -0.0862966 -0.0158513 
0.36948 -0.280434 0.0237535 
0.422569 -0.18146 0.0758826 
0.251155 -0.294997 0.189545 
0.24107 -0.319365 -0.0159106 
0.320881 -0.0525836 0.0632274 
0.131642 -0.219546 0.120823 
0.30779 -0.401739 0.156945 
0.0747605 -0.388806 0.109948 
0.0461779 -0.373898 0.315833 
-0.0701915 -0.198895 0.20745 
0.0416619 -0.090427 0.0998049 
-0.0272498 -0.34115 0.181465 
-0.12377 -0.246357 0.430985 
-0.127521 -0.276177 0.264308 
-0.081698 -0.0644486 0.328774 
-0.180044 -0.148752 0.350338 
0.0872022 -0.0304438 0.32506 
0.153141 -0.325846 0.301586 
0.324119 -0.233388 0.296155 
0.178891 -0.231575 0.481872 
0.0433161 -0.192648 0.457756 
0.315036 -0.0521754 0.249828 
0.374435 -0.16876 0.450032 
0.23909 -0.0475724 0.504316 
0.0428843 -0.133825 0.619453 
0.434649 -0.0268192 0.410989 
0.372608 0.0192486 0.49742 
0.542209 0.0140749 0.258545 
0.469561 0.148242 0.459446 
0.328533 0.186526 0.581583 
0.252495 0.278127 0.325875 
0.380132 0.347726 0.51384 
0.491146 0.221237 0.316848 
0.351273 0.165374 0.435929 
0.207717 0.0752815 0.583603 
-0.0482335 0.145303 0.559659 
0.0764664 0.19856 0.393395 
0.0812969 0.149845 0.63243 
0.0689068 0.0162305 0.657519 
-0.113635 0.0588534 0.548694 
0.0315067 0.298532 0.553571 
-0.0966172 0.289803 0.551534 
0.0308797 0.36193 0.39782 
0.181503 0.326881 0.514011 
0.180319 0.517015 0.405406 
0.187961 0.448474 0.520776 
0.390081 0.465041 0.401965 
0.219355 0.546917 0.243832 
0.240647 0.375874 0.1469 
0.345417 0.575474 0.245101 
0.473728 0.422868 0.065135 
0.383739 0.540749 0.121615 
0.47191 0.476228 0.257336 
0.526993 0.335279 0.23414 
0.603382 0.24533 0.145629 
0.592791 0.391744 0.110104 
0.555222 0.123752 0.279875 
0.503183 0.33237 0.376874 
0.231083 0.725211 0.319301 
0.408767 0.636886 0.00286741 
0.494576 0.541685 -0.128507 
