-0.9274742378459674 1.6258681773439885 -1.757090528749007
-1.691055861427806 1.4777239270324796 -1.34901057576144
0.06905517513038052 1.8898879321661923 -1.837319936056292
0.9254935720494022 2.136610949064672 -1.1727203305281804
1.4533948265768613 1.919862459446084 -1.097177479629711
1.0398385583211782 2.2263053376787494 -1.3507996233858408
0.4716977489854839 2.5751225978604766 -1.2414091019770508
0.6168510896142 2.352721419537392 -1.3102145926007025
1.1561654126549419 2.3300364260185678 -0.6522021362885191
0.00013824141567888264 2.41566002097347 -1.1583985652698945
-0.3715891670608135 2.6742314120379236 -0.20635400028525694
-0.47851869254885626 2.8072691530999085 -0.6017006275697799
-0.6415025996950113 2.3599335548293134 -0.9680752101574079
-1.4420093116823194 2.235219171150737 -0.5938220718617842
0.9872234153977382 2.0292906893338887 -0.7028138178217775
-1.3852303801140948 2.2331489753223566 -0.04003922306431299
-1.16391755553756 2.3960347498644383 0.21088702563100298
0.029356636396663943 2.304633223781266 -0.27703184260136476
-0.8933341937391669 2.1459883500408927 -0.4452254413117789
-0.9980297539222674 2.3278954747955134 -0.47876492818983885
-0.000963440786664193 2.6213136941869273 0.11320190933864871
0.8658807218289969 2.4600105048304943 0.06594072465837303
1.693978996372139 1.9173206744927882 -0.45836100405729663
0.42342690978965697 2.6473044631944744 -0.12460096587790472
-0.5505187217276386 2.489798402118332 0.4270597079471438
1.6761341227881625 2.0390415547047582 0.07988746581172557
1.9409537356362243 1.7807933835353058 -0.22437980612613273
1.69732277826269 1.8376354972740356 0.4408453394773718
1.962606449472383 1.6213100766423016 0.11894229862349524
-0.1201527399588101 2.499276277781457 0.6813787236315352
0.4668367047967177 2.610385961603655 0.8231909776298002
0.8988506810557394 2.344299976140459 0.8887133284364778
1.0228660826997915 2.1899905620613462 1.3038444262461286
1.836667446540769 1.406044141397559 0.933129560672953
1.478476001052321 1.6934421940890678 0.9944589070432625
1.1344700474247669 2.0720325097586327 0.7401393111099549
1.1966470326094922 1.685127980461846 1.450418914697486
0.2940838869107491 1.9108236010719457 1.2915183725099437
-0.5467107340349768 1.7789712950295673 1.4443253559294769
-1.189684813860814 1.418440769361726 0.6871981334986491
-1.3821606013587022 1.7645054046725555 0.836475295206823
-1.7211734617038883 1.6555393388727118 0.9982747297514668
-1.2818906635102307 1.7764620816300287 1.3765945102249897
-0.7928080669426766 1.9107055297385669 1.6468763294156
-0.34996379599521255 1.8921192518349708 1.872971105538154
0.2753720439565301 1.6688889332979204 1.888297811472823
-1.4070418354871714 1.413850849442325 1.4783142584899576
-1.5304298390999433 0.7758363608728699 1.645786863989435
-2.0010261249317933 1.1701168198421328 0.7909034019796779
-1.0639895642369972 0.48091978277280023 2.0442737626538574
-0.11792675599246329 1.5010659493358138 2.0429024040374384
0.2317071890975861 1.178207068529758 2.299122329348088
-1.2649064109740193 0.9537767064573707 1.798681983753586
-1.0615438606696304 1.145413038610333 2.09150883025418
-1.7958097351526 0.785323053146522 1.118491942755279
-0.0965883556108462 0.7224822983499805 2.16378944027529
-0.4242308059539743 0.5284932269921581 2.4071282338507185
0.7881136694330594 0.7648649589353186 2.150354596271956
1.6104563134687222 0.5268991538929869 1.4370639616726537
2.0720746592855193 0.46386642655995086 1.021772328374803
1.5442314254508112 0.26367799728621105 1.8906672674040006
0.3790135166695459 0.010048774028101972 2.270006749172995
1.1446307438899745 0.03004180055083949 1.7216252400088081
0.9814032778230973 -0.332221894551392 2.313537684735434
1.7384428716046167 -0.28145769458473313 1.589361566007418
0.8203636199509281 0.12651977874090822 2.1408569380194566
-0.34789509792219236 -0.2565429907201664 1.8171791900336653
-0.7154738364360417 -0.6037280060548347 2.1990914356265043
-1.239208928877299 -0.40685602134718835 1.6265973566601137
-0.19771015699793845 -0.5915723451548642 2.308024196749863
0.029213549448013573 -1.1514249084495014 2.163340511710363
1.1367650804645777 -0.738614283868135 2.0706285002199913
1.3509274982658293 -1.2047216642982002 1.67371083295736
0.9712369677247498 -1.2399060755393176 1.818355651369905
0.355085929876844 -1.2910921545266645 1.8734811715697948
0.5547137052550875 -1.0549896516262833 2.098165341309915
-0.16482346613124582 -1.3176098081524137 1.8960898060910387
1.7363117036867346 -0.8940286809209839 1.4123498322324004
2.300748827602876 -0.4465752956842778 0.37528356694692266
1.942248073123228 -0.7774356611251125 0.8885289286688622
1.8525819610888252 -1.3207832794911094 0.9094503216088091
2.0909748925482035 -0.7215069759333306 0.1959984999559648
1.292071626060155 -1.4902967683866364 1.0646715399802134
2.1531658405910004 -0.9517467085181703 0.7665048301475628
1.1995737499561074 -1.7950152273661677 1.1512381989138671
1.7413827708661258 -1.5930948226347839 0.3875132175078171
1.8506866977285716 -1.2994983220882244 0.08272037738131356
1.9370334885020246 -0.7514353460919277 -0.3735187645896136
1.8123023307244202 -1.333305021542121 -0.3718729990818203
1.2771747163959037 -1.2429029951165709 -0.0191089950116238
0.8957660640647963 -1.6722899232746318 0.8933900598317653
0.8800974686135755 -2.2947643847325185 0.618759152105563
0.9040059405877475 -1.9424456158093815 0.1807110594692081
-1.4504539897611717 -1.3330790611642518 1.0462717462524216
-0.04150822335100779 -1.9062635674154078 0.22379763155421895
-0.9031997027792235 -1.4800179474977113 0.9007350081063703
0.3117903950074659 -2.2451241296736377 0.41952467661088216
-0.6693512148757012 -2.2150785886537014 0.6223444124703591
-0.6209571354764419 -1.78806927234516 0.31942645015267085
-0.9019336574678436 -1.8546854280012346 1.0484100548770592
-1.312949646569688 -1.4617335893204402 0.3794270684795153
-0.008027494154762881 -2.237702076102931 0.11037370866533455
-0.203378683435878 -2.3034393108802105 0.6516633482419557
-1.168980834996727 -1.7647342067070881 0.627298693141109
-2.0750098795742256 -1.0731336124958542 0.32380613508701833
-1.7425584964451994 -1.452563931913708 0.6870725598161327
-1.9982263308220072 -1.448603456540421 -0.0027640759308971024
-1.9392523854877226 -0.9081822084589507 0.18312483629350337
-0.5942592447015239 -2.4157978400698186 -0.2872411418348054
-1.4382778875770905 -1.9232858969467745 0.1993207006939009
-1.1307914209270087 -2.088218033788265 -0.2333571816246214
-1.8064098953581056 -1.3897833318477015 -0.47854212208126096
-2.1905463177406337 -1.0098031244716017 -0.45762996024779595
0.050533102360153355 -2.301763809789298 -0.6129316093433738
-0.993611563187423 -2.1337470224217436 -0.9251148960330328
-0.6103473616762731 -2.020247557641176 -1.1327293071249096
-1.994187835984845 -0.3594948860242848 -1.053639957485846
-0.998748902193062 -1.878904708192715 -1.294746485276911
-1.3985860722804415 -1.5922390067477568 -1.4315209251892642
0.38730650141913225 -2.033291400982987 -1.328488557910168
-0.8860808496175301 -1.02729140344033 -2.383461625758391
-0.5640483503591126 -1.624245877758874 -1.9538411951820067
-1.2068857102497712 -1.27081564126173 -1.7334029736985919
-0.24412230733673662 -1.4858593191256095 -2.1126543525802597
-0.36084770273544475 -1.2000193979717684 -2.2034904898430674
-0.2313867770266312 -2.083444077453907 -1.755510019801642
-1.0525605531519577 -1.3903617658781358 -2.0071641478890117
-1.6091229935761462 -0.7693351811376565 -1.6718195885575935
-1.1638602980676855 -1.8594246161431067 -1.7662156774971751
-1.805783552431264 -1.2861096183533904 -1.6285758532916277
-1.8159247098934987 -1.0223858194303879 -1.6423161973180191
-1.9132530737022122 -0.5903556824124352 -1.364404905944214
-1.455473726238058 -0.6715832428569078 -2.236261083416319
-1.5511688968022985 -0.3438675513205832 -1.9626805672060872
0.12351315687812399 -1.9053230984748124 -1.9378875832476439
0.1889714560443951 -1.566360383874605 -2.069573305853077
0.2844331478944915 -1.0651278594029374 -2.2654073705888713
-0.49171846712653117 -0.6947424792710567 -2.5951263606966797
0.4684326126991077 -0.8767411515101504 -2.567707220332983
0.1006124622202528 -0.3463990333595249 -2.4852303305057655
1.058411590215612 -1.694892173120771 -1.7031917172445539
0.7321565191054636 -0.5818215233021847 -2.4055155618773094
1.0546585653095049 -0.5395115501075319 -2.3493682182954188
1.250609017439566 -0.6550442584500784 -2.243035629858011
0.7712633278524476 -1.1589951031035892 -2.2663183224950667
0.0814116598775343 -0.6807975911465943 -2.442473261097245
1.0470595473539632 -1.1829391341202253 -2.0628211722248198
1.172999062667734 -0.8655464261953257 -1.9872092487075461
-0.6470914177142031 -0.3694279296878696 -2.269784370178974
0.6034341857766199 -1.6953535642440454 -1.9673631106427432
-0.4683209213663631 0.6971846920240532 -2.2784540098304458
-1.0334821663446572 0.3773156809122465 -1.8459713803405757
1.1740894207812411 0.05003950915617454 -1.7301450171106012
