0 0 0 0 0 0 0 0 0 0 0 0 0 0 0 0 0 0 0 0 0 0 0 0 0 0 0 0 0 0 0 0 0 0 0 0 0 0 0 0 0 0 0 0 0 0 0 0 0 0 0 0 0 0 0 0 0 0 0 0 0 0 0 0 0 0 0 0 0 0 0 0 0 0 0 0 0 0 0 0 0 0 0 0 0 0 0 0 0 0 0 0 0 0 0 0 0 0 0 0 0 0 0 0 0 0 0 0 0 0 0 0 0 0 0 0 0 0 0 0 0 0 0 0 0 0 0 0 0 0 0 0 0 0 0 0 0 0 0 0 0 0 0 0 0 0 0 0 0 0 0 0 0 0 0 
0 42 9 4 2 0 3 2 0 0 2 0 0 2 2 1 1 0 0 0 0 0 0 0 0 1 0 1 1 1 0 0 1 1 0 0 0 0 0 0 2 0 1 0 0 1 0 0 1 0 0 1 0 0 0 0 0 0 0 0 0 0 0 0 0 0 0 0 0 0 0 0 0 0 0 0 1 0 0 0 0 0 0 1 0 0 1 0 0 0 0 0 0 0 0 0 0 0 0 0 1 0 0 0 0 0 0 0 0 0 0 0 0 0 0 0 0 0 0 1 0 0 1 0 0 0 0 0 0 0 0 0 0 0 0 1 0 0 1 0 0 0 0 0 0 0 0 0 0 1 1 0 0 0 0 
0 9 166 18 6 9 3 5 4 5 1 5 1 1 2 1 2 0 1 2 1 0 2 1 0 2 0 2 0 3 3 1 2 2 1 1 3 2 0 0 1 1 0 1 2 2 1 1 0 1 0 1 1 0 1 0 0 1 1 0 0 2 0 0 2 0 0 0 1 0 0 1 1 1 0 0 1 0 0 0 0 0 0 0 0 0 0 0 0 0 0 1 1 0 0 1 1 0 0 1 1 0 0 1 0 1 1 0 0 0 0 1 0 1 0 1 1 0 0 0 0 0 1 0 1 0 1 1 0 1 0 0 1 0 0 1 0 0 0 0 1 0 0 1 0 0 0 0 0 0 0 1 1 0 0 
0 4 18 510 26 15 14 14 17 5 5 5 2 6 5 5 3 4 0 3 2 5 2 2 5 4 10 0 3 1 3 3 3 5 6 2 3 4 1 1 1 0 2 2 3 0 3 2 0 2 5 1 2 1 1 1 1 1 0 0 0 2 2 2 0 2 1 1 0 0 0 2 0 1 2 0 0 0 2 2 1 1 1 0 0 2 2 2 1 0 0 1 2 1 1 0 0 2 1 3 0 0 0 0 1 1 0 2 1 0 0 1 0 2 0 0 0 1 0 1 1 0 1 1 1 0 0 0 0 0 0 0 0 0 0 0 1 1 2 1 1 1 2 2 0 1 0 0 1 1 1 0 0 0 0 
0 2 6 26 576 57 33 25 19 7 6 5 5 0 2 5 1 3 2 4 2 4 5 5 5 3 11 5 3 4 4 5 4 6 6 2 3 2 1 0 0 1 1 4 1 4 1 0 1 1 2 2 1 2 1 1 0 3 3 0 0 3 1 4 2 3 2 2 1 1 0 0 2 2 0 1 1 1 0 0 1 1 1 1 1 0 0 2 0 1 0 1 0 3 1 1 2 1 0 2 1 2 1 1 2 1 0 0 2 1 0 1 1 2 1 2 2 0 0 1 2 0 1 0 1 0 2 1 0 0 1 0 1 1 0 1 2 1 1 1 1 0 6 2 0 0 2 1 1 0 0 0 0 0 0 
0 0 9 15 57 642 40 43 19 8 5 6 5 3 4 2 0 4 2 2 5 5 8 4 1 6 4 8 6 4 2 6 6 5 4 3 2 2 2 0 0 0 2 3 3 4 2 1 1 0 2 3 1 1 0 2 1 0 1 0 0 5 1 0 2 0 0 1 3 1 2 0 0 1 2 0 0 1 1 0 1 1 1 0 1 0 1 3 1 0 0 0 1 1 1 0 0 0 0 1 1 1 1 0 1 0 0 0 0 1 0 2 3 2 0 0 1 3 2 0 0 1 0 0 3 2 2 1 1 1 0 0 1 0 0 2 1 1 0 1 0 2 1 3 0 0 0 1 1 1 2 0 0 0 0 
0 3 3 14 33 40 768 89 23 6 8 11 9 4 5 7 4 4 3 2 6 3 0 2 6 5 6 7 5 8 6 6 3 5 3 6 3 2 2 1 1 0 1 2 6 4 0 0 0 0 0 1 1 0 2 2 0 1 0 0 0 0 0 0 0 1 2 1 2 1 0 1 0 1 1 0 0 0 1 0 1 1 1 2 1 1 0 1 0 5 2 1 0 1 1 0 2 0 1 0 0 1 0 1 0 2 0 0 0 0 0 2 1 0 1 0 0 0 1 0 2 2 2 1 1 1 1 1 1 0 0 1 1 0 2 1 0 0 1 0 0 1 1 1 0 1 2 1 2 0 1 0 2 1 2 
0 2 5 14 25 43 89 870 44 18 16 3 6 10 6 3 3 2 4 2 1 6 4 6 3 7 7 4 5 3 10 3 2 0 6 4 1 4 1 3 0 1 3 3 3 0 1 3 0 0 2 2 0 3 2 0 0 4 2 0 0 0 1 2 1 3 0 5 4 1 0 1 1 2 1 1 1 0 1 0 1 0 2 1 1 0 2 0 0 2 1 1 1 0 1 1 1 4 0 0 0 2 1 2 0 0 1 2 0 2 0 1 1 1 1 2 3 1 0 3 0 0 2 0 0 0 1 2 0 1 0 1 1 1 2 1 1 0 0 0 3 3 0 2 2 0 0 0 0 0 0 0 2 0 0 
0 0 4 17 19 19 23 44 670 50 17 9 7 3 4 5 4 4 1 3 5 9 6 7 3 8 6 4 1 2 3 7 5 6 5 6 9 3 4 1 3 1 2 3 3 3 1 1 1 2 3 0 0 0 2 1 4 0 1 0 0 2 3 1 2 5 2 2 1 1 0 2 2 0 0 0 1 1 0 3 3 0 0 0 3 0 0 2 2 0 2 1 2 2 2 3 1 0 0 0 0 2 0 1 2 0 0 0 2 1 2 1 0 1 1 3 0 1 1 0 0 2 0 1 0 0 2 1 0 0 1 1 0 1 2 2 1 0 0 0 0 1 2 0 0 1 0 2 3 1 0 1 0 1 1 
0 0 5 5 7 8 6 18 50 540 35 13 12 11 4 2 8 4 5 6 6 8 7 0 2 10 5 9 1 1 1 5 6 5 2 5 1 3 4 3 2 1 4 1 3 2 1 2 2 2 0 4 2 0 0 0 2 1 1 0 0 0 0 0 0 1 2 1 0 0 1 0 1 1 0 1 1 2 2 2 3 1 2 3 1 0 0 1 0 1 0 4 2 2 2 1 0 1 0 0 2 0 3 3 0 1 1 1 0 0 2 0 0 1 0 0 1 1 2 2 0 0 0 1 0 1 0 2 0 0 2 2 1 0 0 0 0 1 0 1 0 0 0 1 3 1 0 2 0 1 0 0 2 0 0 
0 2 1 5 6 5 8 16 17 35 846 51 31 12 10 5 11 9 6 6 4 6 9 9 6 5 2 3 7 2 6 8 5 4 3 4 6 7 6 3 5 4 2 3 0 4 2 2 3 5 3 1 3 4 5 3 2 3 1 0 0 1 1 1 3 0 1 0 1 1 0 0 2 1 1 1 2 3 1 2 3 0 2 2 2 3 1 1 2 1 1 0 1 1 0 1 1 5 2 1 0 0 0 0 2 2 2 0 3 3 0 0 2 2 2 2 1 2 1 1 0 1 1 0 4 3 0 0 0 0 3 0 1 2 1 0 0 3 1 2 1 0 2 0 0 1 0 1 1 1 0 1 1 0 1 
0 0 5 5 5 6 11 3 9 13 51 1064 71 23 18 17 5 6 5 9 10 12 5 9 4 1 4 4 8 3 9 2 5 1 1 5 1 3 7 3 2 6 8 8 0 5 2 1 1 1 2 1 1 2 2 3 3 0 3 0 0 1 0 2 1 0 0 1 3 2 0 1 2 1 2 0 3 0 3 3 1 0 1 1 1 0 0 0 3 2 0 3 1 1 1 0 1 1 1 0 1 0 0 1 1 2 1 2 0 0 1 0 2 1 0 2 1 0 0 0 1 0 1 1 0 0 0 0 0 1 0 0 1 2 0 3 1 1 0 1 0 1 0 1 1 0 2 0 0 3 1 2 0 0 0 
0 0 1 2 5 5 9 6 7 12 31 71 942 80 17 14 18 9 11 9 5 3 2 4 7 4 3 4 3 4 8 4 2 2 0 5 1 3 2 2 5 4 3 1 0 1 1 1 1 0 3 1 2 2 0 2 5 0 1 0 0 1 1 1 3 1 3 2 1 0 0 3 2 0 2 0 3 0 1 1 2 0 0 2 3 0 0 2 0 0 2 0 1 1 3 1 2 2 1 0 2 0 3 1 0 0 4 0 1 3 1 0 0 1 2 5 0 2 0 1 0 0 2 1 2 2 0 1 0 0 1 2 0 2 0 0 0 2 1 0 1 3 0 0 1 1 0 2 0 1 2 0 0 1 3 
0 2 1 6 0 3 4 10 3 11 12 23 80 1040 38 41 11 11 8 2 2 6 2 10 7 5 1 2 1 8 5 4 0 3 2 3 2 3 1 3 5 2 5 2 2 4 4 5 1 0 3 3 0 2 3 0 2 1 1 0 0 0 2 1 0 2 0 0 2 1 2 1 1 1 1 1 0 0 0 0 2 1 1 0 1 2 1 1 0 0 0 0 0 1 1 2 1 1 2 0 1 0 2 2 0 2 0 1 2 1 2 0 0 2 1 0 1 2 0 1 1 0 0 0 0 0 0 2 0 0 1 2 3 1 3 3 0 1 2 1 0 0 0 0 0 1 0 1 2 2 1 1 1 1 1 
0 2 2 5 2 4 5 6 4 4 10 18 17 38 970 49 22 14 8 6 8 5 7 6 5 4 3 3 4 4 7 6 4 2 1 2 4 3 7 6 1 6 2 6 1 1 0 2 2 1 1 4 0 1 2 1 3 5 2 0 0 0 4 2 1 0 1 4 2 2 1 3 1 4 2 2 1 2 0 3 0 1 0 1 2 3 2 1 2 1 4 2 1 0 2 2 1 2 0 1 1 2 3 4 1 0 1 1 1 1 2 1 3 0 2 1 2 0 1 0 0 1 1 1 1 2 0 1 3 1 1 1 2 0 0 2 0 2 1 0 0 1 3 4 3 0 0 1 3 0 3 2 0 1 3 
0 1 1 5 5 2 7 3 5 2 5 17 14 41 49 906 54 13 6 12 11 8 5 2 7 4 1 1 3 5 3 3 1 2 1 3 1 5 3 3 6 3 5 4 6 3 1 0 1 1 5 2 1 4 1 3 2 0 0 0 0 3 3 0 0 1 2 2 2 5 3 2 1 1 0 1 1 2 4 1 0 2 2 2 2 2 2 0 1 1 0 1 0 1 2 0 1 1 0 1 0 2 4 2 4 2 0 3 1 1 1 2 1 2 1 0 0 1 2 0 0 2 0 1 1 0 0 1 0 1 2 0 0 1 0 1 1 1 0 0 0 1 1 1 1 2 1 1 0 0 0 0 1 1 0 
0 1 2 3 1 0 4 3 4 8 11 5 18 11 22 54 680 23 19 12 8 10 9 3 7 6 4 1 4 5 3 2 5 4 4 2 3 6 6 5 5 4 6 5 6 1 3 1 3 1 3 3 0 4 2 3 2 2 3 0 0 1 1 3 2 1 0 3 7 3 0 3 5 4 4 1 1 1 2 1 0 0 1 1 3 1 1 1 0 0 0 2 2 1 0 0 1 0 1 0 1 1 1 0 3 2 0 2 1 1 2 3 2 3 1 0 1 2 2 0 1 2 1 1 1 0 2 0 0 0 1 1 1 1 3 1 2 0 1 3 0 2 4 1 0 0 0 0 1 0 1 1 2 2 1 
0 0 0 4 3 4 4 2 4 4 9 6 9 11 14 13 23 720 37 16 13 7 7 9 1 1 7 0 4 5 6 7 1 3 6 3 2 5 3 3 0 5 3 3 3 3 2 0 0 1 4 2 4 1 2 2 2 4 3 0 0 2 3 3 0 2 0 2 1 0 1 2 2 3 4 6 1 0 2 3 2 1 2 0 0 2 1 2 0 0 2 1 0 1 0 2 4 1 1 1 1 1 1 1 1 1 0 1 2 2 1 0 1 1 2 2 0 0 0 0 0 0 2 0 2 0 0 0 0 2 2 2 1 1 1 2 0 2 0 1 1 1 0 2 1 0 0 2 1 1 2 0 0 1 0 
0 0 1 0 2 2 3 4 1 5 6 5 11 8 8 6 19 37 628 35 11 17 8 8 5 2 3 2 7 5 7 4 1 3 3 4 2 3 3 3 5 0 5 4 0 2 0 2 1 3 3 1 1 0 1 2 2 2 0 0 0 3 3 2 3 0 1 0 0 2 1 0 0 1 1 0 0 0 0 1 1 0 1 4 3 1 0 2 1 1 0 2 1 0 2 0 1 2 0 3 1 2 1 0 2 2 3 2 3 2 1 2 0 2 2 1 0 0 0 1 1 1 1 0 0 0 0 0 0 1 1 0 1 1 3 1 0 0 0 0 2 0 0 2 0 3 0 0 1 0 1 2 0 0 0 
0 0 2 3 4 2 2 2 3 6 6 9 9 2 6 12 12 16 35 728 38 18 8 13 7 1 4 2 7 6 3 4 3 2 1 2 6 4 3 5 2 2 2 2 0 2 6 2 0 2 3 4 0 3 0 2 2 0 1 0 0 1 0 0 1 1 1 0 1 1 1 1 2 0 0 0 0 1 2 1 2 3 0 1 2 0 1 0 1 0 1 1 1 1 2 2 1 1 0 5 1 1 2 1 2 2 5 0 2 2 1 3 0 1 0 1 0 0 1 3 0 0 0 1 1 0 1 0 0 2 0 1 0 0 1 1 2 1 0 3 0 0 2 0 1 1 2 1 0 0 1 0 1 0 0 
0 0 1 2 2 5 6 1 5 6 4 10 5 2 8 11 8 13 11 38 864 80 19 12 7 6 4 9 6 5 11 7 7 2 1 9 1 3 3 1 5 3 5 4 5 2 0 2 2 2 3 2 0 0 6 1 4 2 2 0 0 1 2 2 3 4 3 2 3 1 0 0 0 0 2 0 2 1 5 0 2 1 4 0 2 3 0 1 1 0 0 1 2 0 4 2 1 1 0 5 1 1 2 3 0 2 0 1 0 2 1 1 1 0 0 2 1 0 0 1 0 0 1 3 0 0 3 1 0 2 6 0 0 0 0 2 1 2 0 1 0 1 0 1 0 0 0 0 0 1 1 1 0 1 1 
0 0 0 5 4 5 3 6 9 8 6 12 3 6 5 8 10 7 17 18 80 774 29 29 8 13 9 9 7 0 2 5 5 5 2 2 6 8 1 4 5 3 1 2 0 3 3 3 1 3 4 1 2 2 0 5 4 3 5 0 0 2 0 2 3 2 3 2 2 0 0 3 4 1 0 0 2 2 0 2 3 1 2 2 2 2 2 0 1 5 0 0 1 1 2 1 2 1 3 2 1 0 1 0 0 3 2 3 1 3 1 2 0 1 1 0 1 1 0 1 0 0 3 1 1 3 0 1 0 1 2 1 0 2 0 0 1 0 0 1 1 1 1 1 1 2 2 0 0 1 0 2 1 0 0 
0 0 2 2 5 8 0 4 6 7 9 5 2 2 7 5 9 7 8 8 19 29 782 49 18 19 14 3 5 6 4 9 4 8 5 5 9 10 1 0 3 2 5 1 6 4 2 2 2 5 3 3 3 3 1 0 5 6 1 0 0 4 1 1 2 3 2 4 1 1 0 0 4 2 3 1 0 0 1 6 2 0 1 0 2 2 3 1 1 1 4 1 1 2 0 0 0 2 3 1 1 4 1 3 0 0 2 0 0 2 4 1 0 2 2 1 0 1 1 2 2 1 1 2 3 1 1 1 2 3 0 3 0 3 0 2 1 1 3 3 3 0 1 3 0 0 1 2 1 0 0 1 2 1 1 
0 0 1 2 5 4 2 6 7 0 9 9 4 10 6 2 3 9 8 13 12 29 49 678 39 12 13 9 9 7 10 7 5 4 3 0 1 4 6 3 3 4 3 5 1 1 1 1 1 2 6 2 4 2 4 2 4 2 2 0 0 0 6 1 1 0 0 3 2 0 1 2 1 2 4 1 0 2 0 3 1 1 1 0 1 1 1 1 2 1 2 0 3 0 1 3 0 1 1 1 3 2 2 3 4 2 1 1 2 0 1 2 4 0 1 0 1 1 1 1 0 2 0 0 2 0 1 0 0 4 1 0 1 1 0 1 1 1 0 2 1 1 2 0 1 1 1 2 0 0 1 0 0 0 3 
0 0 0 5 5 1 6 3 3 2 6 4 7 7 5 7 7 1 5 7 7 8 18 39 732 47 10 10 5 9 11 7 7 4 2 8 2 5 7 4 3 6 3 5 1 4 4 5 0 4 4 5 2 2 2 6 3 4 1 0 0 1 3 1 2 0 2 2 1 2 0 0 3 0 0 0 0 2 2 1 0 0 1 0 1 0 2 2 0 0 1 2 1 1 2 2 3 1 0 0 2 0 0 1 0 0 1 2 0 2 1 3 0 3 1 2 2 1 2 0 2 0 1 0 2 1 0 2 1 1 0 2 2 1 1 1 5 0 0 1 0 1 1 0 0 1 1 1 1 0 2 1 1 2 0 
0 1 2 4 3 6 5 7 8 10 5 1 4 5 4 4 6 1 2 1 6 13 19 12 47 746 58 6 17 10 6 12 10 17 10 7 5 5 4 1 5 0 3 4 3 5 4 1 3 1 3 4 4 1 3 2 3 3 4 0 0 1 6 5 2 1 1 3 1 1 3 1 5 1 3 3 0 2 1 2 3 1 4 0 2 4 3 3 0 0 0 4 2 1 2 3 1 2 0 2 0 2 0 1 1 0 1 0 0 0 3 3 1 1 2 0 1 0 2 1 2 1 2 0 3 1 0 3 1 0 2 2 0 0 1 0 1 4 1 1 1 4 2 0 4 0 3 0 1 0 0 3 0 0 1 
0 0 0 10 11 4 6 7 6 5 2 4 3 1 3 1 4 7 3 4 4 9 14 13 10 58 664 32 20 14 20 12 11 16 6 9 9 1 5 0 3 1 0 5 2 2 2 1 1 2 6 5 2 0 2 1 3 2 1 0 0 3 3 3 2 2 9 2 1 1 0 3 0 1 3 0 1 2 1 1 3 0 5 2 2 2 4 3 2 0 1 2 2 1 2 1 1 2 4 0 2 0 1 0 0 1 2 1 1 0 0 2 3 0 3 2 0 0 0 1 0 1 1 2 0 1 2 0 0 0 2 1 0 0 2 0 1 1 0 2 1 2 2 2 0 1 1 2 0 2 0 1 0 0 2 
0 1 2 0 5 8 7 4 4 9 3 4 4 2 3 1 1 0 2 2 9 9 3 9 10 6 32 794 58 34 27 13 11 11 7 8 8 5 1 3 4 2 4 1 1 2 2 3 1 5 5 3 0 0 1 10 4 3 3 0 0 1 2 2 2 0 4 0 2 4 2 0 4 2 2 5 3 1 5 5 6 2 1 2 2 1 2 2 2 1 1 1 2 1 1 1 1 1 1 1 0 2 1 0 2 2 0 3 2 1 0 3 2 1 1 2 1 2 2 0 0 2 1 1 2 1 0 1 0 0 0 0 1 0 0 1 2 0 0 2 1 2 1 0 0 0 1 0 1 0 0 0 2 1 1 
0 1 0 3 3 6 5 5 1 1 7 8 3 1 4 3 4 4 7 7 6 7 5 9 5 17 20 58 852 59 37 7 8 4 6 9 1 7 6 2 4 3 1 6 5 2 3 2 0 2 1 4 0 4 3 4 1 5 1 0 0 4 1 4 6 4 2 1 2 3 1 1 3 4 1 3 1 1 2 2 0 5 0 4 0 2 2 3 0 4 1 2 0 4 1 3 2 1 3 0 1 1 2 1 3 2 2 2 1 1 1 0 2 1 0 0 2 1 1 2 1 0 0 2 1 0 0 4 0 2 2 1 1 0 1 0 0 0 0 1 0 0 0 2 1 4 3 2 1 1 1 1 0 1 2 
0 1 3 1 4 4 8 3 2 1 2 3 4 8 4 5 5 5 5 6 5 0 6 7 9 10 14 34 59 906 72 12 5 7 3 7 4 3 8 3 4 10 5 3 3 2 5 1 2 1 3 3 2 4 0 5 4 3 2 0 0 1 2 2 3 5 1 0 2 2 0 1 1 1 2 0 3 2 0 0 1 2 1 1 1 1 0 2 0 2 1 2 0 7 2 2 1 3 2 1 2 1 1 1 1 0 0 3 3 2 1 0 0 3 0 0 1 2 0 2 1 1 1 1 0 1 1 1 3 0 1 0 0 1 3 1 0 0 0 0 0 0 0 0 1 3 1 1 1 2 0 0 0 0 1 
0 0 3 3 4 2 6 10 3 1 6 9 8 5 7 3 3 6 7 3 11 2 4 10 11 6 20 27 37 72 856 40 18 8 8 6 5 4 6 2 3 6 4 2 6 5 4 5 2 3 7 5 4 6 1 4 2 3 3 0 0 3 5 1 2 2 2 3 0 2 2 3 0 1 3 2 3 4 1 1 2 1 3 0 1 1 1 1 1 2 2 2 0 2 1 1 2 3 1 2 0 0 0 1 2 1 0 0 1 0 1 1 0 2 3 1 0 0 0 0 2 1 1 1 3 1 3 0 0 0 1 1 2 1 0 0 1 2 0 1 2 1 1 0 0 3 2 3 1 0 0 0 0 0 3 
0 0 1 3 5 6 6 3 7 5 8 2 4 4 6 3 2 7 4 4 7 5 9 7 7 12 12 13 7 12 40 860 30 15 10 8 17 7 5 4 2 9 7 5 6 7 3 0 0 2 1 5 2 3 0 3 2 3 6 0 0 3 4 2 6 1 2 3 4 5 0 5 4 2 1 3 1 3 2 1 2 4 1 2 2 0 3 1 2 1 1 2 2 1 1 2 2 0 3 1 2 2 1 0 2 2 1 1 1 1 1 1 2 1 2 0 1 0 0 1 1 1 0 1 0 1 1 0 1 0 2 2 0 0 0 0 3 2 1 4 0 0 0 1 2 3 0 0 0 0 0 1 0 1 0 
0 1 2 3 4 6 3 2 5 6 5 5 2 0 4 1 5 1 1 3 7 5 4 5 7 10 11 11 8 5 18 30 686 44 27 23 22 9 5 3 3 2 7 7 3 5 3 5 2 3 7 4 3 4 1 2 5 7 3 0 0 5 5 3 7 2 8 4 4 2 1 5 0 1 0 2 1 5 1 2 6 0 1 1 2 1 0 3 1 0 0 2 2 4 1 2 0 0 2 1 1 4 2 0 1 1 2 0 0 1 1 0 0 2 2 3 0 1 1 0 1 1 1 0 0 2 1 0 0 1 1 0 0 1 0 0 1 2 0 0 1 0 2 0 2 1 0 0 1 0 1 1 1 0 1 
0 1 2 5 6 5 5 0 6 5 4 1 2 3 2 2 4 3 3 2 2 5 8 4 4 17 16 11 4 7 8 15 44 696 35 16 20 9 4 4 7 4 1 2 3 7 2 4 3 1 4 5 3 0 4 10 6 8 8 0 0 7 4 9 5 5 6 9 2 1 0 2 1 3 1 4 2 2 5 2 4 4 1 2 2 2 4 2 1 0 2 2 3 3 2 3 1 2 4 1 1 1 3 3 0 1 0 2 3 1 2 2 3 0 2 1 2 2 0 2 1 4 1 2 3 0 3 0 1 0 3 0 1 1 2 1 1 0 2 1 0 1 0 1 4 3 1 2 2 2 1 0 1 2 1 
0 0 1 6 6 4 3 6 5 2 3 1 0 2 1 1 4 6 3 1 1 2 5 3 2 10 6 7 6 3 8 10 27 35 618 46 26 9 6 5 3 3 1 2 3 4 4 2 2 4 7 6 1 2 6 3 1 7 8 0 0 4 4 1 3 2 3 3 2 0 0 2 1 1 2 2 3 0 5 2 4 2 3 1 2 3 1 1 2 0 1 2 2 4 2 2 1 5 2 1 0 1 0 1 4 1 0 0 3 2 1 0 0 1 1 1 1 1 0 0 2 0 0 0 0 0 3 1 0 2 1 0 0 1 1 0 3 1 0 1 2 1 0 1 0 0 1 1 0 0 0 0 0 0 2 
0 0 1 2 2 3 6 4 6 5 4 5 5 3 2 3 2 3 4 2 9 2 5 0 8 7 9 8 9 7 6 8 23 16 46 716 52 11 7 2 3 3 7 4 5 6 2 1 2 0 3 6 1 1 5 4 4 5 6 0 0 2 0 3 5 3 1 5 2 0 3 2 1 3 0 4 0 1 3 3 2 2 0 0 1 5 0 0 0 4 2 2 0 2 0 1 3 3 3 1 1 1 0 2 1 0 0 2 0 4 2 0 0 3 1 3 0 1 1 1 2 0 0 2 0 0 1 1 1 1 1 0 1 2 0 1 1 1 0 2 0 0 1 2 0 0 0 2 0 1 5 0 2 1 0 
0 0 3 3 3 2 3 1 9 1 6 1 1 2 4 1 3 2 2 6 1 6 9 1 2 5 9 8 1 4 5 17 22 20 26 52 734 26 7 3 5 5 6 7 9 8 6 1 2 5 6 6 2 2 1 4 1 3 7 0 0 2 4 3 3 3 4 2 2 0 2 4 2 2 4 2 2 3 3 3 0 2 3 4 5 1 0 1 0 0 1 3 2 0 2 1 0 0 3 1 2 2 0 0 3 3 1 0 1 0 1 0 2 0 0 3 1 1 0 1 0 2 1 0 1 2 0 2 0 1 0 0 0 1 1 1 1 1 1 1 0 1 4 0 0 0 3 0 0 2 0 2 0 0 1 
0 0 2 4 2 2 2 4 3 3 7 3 3 3 3 5 6 5 3 4 3 8 10 4 5 5 1 5 7 3 4 7 9 9 9 11 26 904 48 12 4 8 5 6 4 13 10 7 4 5 7 7 1 4 2 4 4 8 4 0 0 3 4 2 2 3 1 5 1 1 2 1 1 2 0 3 2 2 3 5 3 2 1 0 4 3 4 1 2 3 1 1 2 3 2 2 2 1 1 3 1 5 3 3 4 0 3 0 3 0 3 1 2 1 1 0 1 0 3 1 0 2 0 1 1 1 2 2 1 1 3 1 0 0 1 3 0 2 0 0 0 1 2 1 1 3 0 2 4 0 1 0 2 2 2 
0 0 0 1 1 2 2 1 4 4 6 7 2 1 7 3 6 3 3 3 3 1 1 6 7 4 5 1 6 8 6 5 5 4 6 7 7 48 824 37 13 10 10 13 9 7 13 2 0 3 6 8 4 7 2 3 4 7 7 0 0 2 6 3 2 3 2 2 2 5 3 2 4 4 1 0 2 4 5 4 1 2 4 0 1 4 0 0 1 4 0 2 2 1 2 1 2 0 3 2 1 2 1 0 0 3 2 0 3 2 2 1 1 2 1 0 1 0 3 2 0 1 3 0 3 1 0 3 0 4 3 0 2 2 5 3 2 2 0 0 0 1 2 1 0 1 1 1 0 0 0 0 0 0 0 
0 0 0 1 0 0 1 3 1 3 3 3 2 3 6 3 5 3 3 5 1 4 0 3 4 1 0 3 2 3 2 4 3 4 5 2 3 12 37 526 39 11 6 7 6 4 2 2 5 3 5 4 2 3 4 2 2 5 0 0 0 1 0 0 4 3 0 4 1 3 2 2 3 1 2 2 0 1 2 1 2 1 2 1 2 2 0 3 3 0 2 1 2 2 2 2 2 2 0 2 0 1 1 1 4 2 0 2 3 3 2 2 0 0 0 0 1 0 2 1 2 0 0 2 0 0 1 0 0 1 0 0 1 2 0 0 1 3 0 1 1 1 0 1 1 0 0 0 0 1 0 1 0 1 0 
0 2 1 1 0 0 1 0 3 2 5 2 5 5 1 6 5 0 5 2 5 5 3 3 3 5 3 4 4 4 3 2 3 7 3 3 5 4 13 39 740 46 14 13 9 5 8 4 4 0 5 4 5 0 1 5 2 5 1 0 0 0 5 2 2 4 2 1 2 3 1 7 0 1 1 1 2 2 2 2 3 4 2 0 2 1 3 2 0 0 0 0 0 2 2 1 3 2 0 1 0 0 1 3 1 3 0 4 2 4 0 1 0 3 3 0 3 5 0 1 1 0 0 0 0 1 1 0 1 0 0 2 0 1 1 2 2 0 1 1 1 0 0 0 0 0 0 0 1 0 0 0 3 1 0 
0 0 1 0 1 0 0 1 1 1 4 6 4 2 6 3 4 5 0 2 3 3 2 4 6 0 1 2 3 10 6 9 2 4 3 3 5 8 10 11 46 758 75 31 15 8 10 4 4 5 6 2 3 5 1 4 3 5 2 0 0 0 1 4 1 1 2 1 2 3 6 5 1 1 1 1 2 2 4 1 4 2 1 3 1 1 3 1 0 1 0 1 1 1 1 0 2 1 2 3 1 2 2 2 2 2 1 2 2 4 3 1 3 1 1 3 1 0 0 0 2 0 1 1 1 0 0 0 1 0 1 3 1 1 0 1 0 1 0 0 1 1 2 0 0 1 0 0 0 1 0 1 1 0 2 
0 1 0 2 1 2 1 3 2 4 2 8 3 5 2 5 6 3 5 2 5 1 5 3 3 3 0 4 1 5 4 7 7 1 1 7 6 5 10 6 14 75 940 50 16 15 10 4 5 3 7 7 4 10 3 5 4 5 2 0 0 1 3 7 5 1 2 6 1 1 2 3 5 3 4 3 3 2 4 2 2 2 1 2 3 1 1 0 0 2 0 1 1 1 2 1 5 1 2 0 3 0 2 0 2 1 2 1 4 1 0 0 0 0 3 0 1 1 4 1 0 1 2 5 2 2 1 2 4 3 1 2 0 0 0 0 2 0 1 1 2 0 0 1 1 0 1 0 1 0 2 0 0 0 0 
0 0 1 2 4 3 2 3 3 1 3 8 1 2 6 4 5 3 4 2 4 2 1 5 5 4 5 1 6 3 2 5 7 2 2 4 7 6 13 7 13 31 50 818 43 34 13 5 4 6 6 11 3 6 6 4 9 3 6 0 0 3 5 6 2 4 4 4 4 2 3 1 1 2 1 4 1 1 3 1 1 4 0 0 2 0 1 4 5 2 1 1 1 0 0 4 2 5 2 0 0 3 0 3 1 1 1 1 2 0 2 1 2 1 0 2 0 2 2 1 3 0 0 1 0 1 1 1 2 3 0 1 0 2 6 2 2 0 2 0 1 2 1 0 0 0 1 2 0 1 0 0 0 0 1 
0 0 2 3 1 3 6 3 3 3 0 0 0 2 1 6 6 3 0 0 5 0 6 1 1 3 2 1 5 3 6 6 3 3 3 5 9 4 9 6 9 15 16 43 616 37 19 6 4 3 9 7 7 3 5 4 8 8 3 0 0 4 2 4 1 5 3 4 2 0 0 3 3 3 1 2 2 2 1 5 1 1 3 2 0 3 2 0 0 0 0 0 2 0 0 2 0 1 3 2 0 0 1 1 5 0 0 3 3 3 1 1 1 0 1 0 1 0 0 0 0 1 1 1 0 0 0 0 0 2 0 0 1 1 1 0 1 0 0 0 1 0 1 0 0 0 0 1 0 1 0 1 0 0 0 
0 1 2 0 4 4 4 0 3 2 4 5 1 4 1 3 1 3 2 2 2 3 4 1 4 5 2 2 2 2 5 7 5 7 4 6 8 13 7 4 5 8 15 34 37 850 58 3 3 8 11 9 6 4 4 8 4 6 2 0 0 3 4 1 5 4 4 4 4 4 3 2 3 5 1 3 4 1 2 2 1 5 4 3 2 0 2 1 6 0 1 1 2 1 1 1 4 1 3 3 1 2 0 0 1 2 4 0 1 2 2 1 1 0 2 2 1 0 1 1 3 2 0 0 1 0 0 0 1 0 2 1 0 0 0 0 0 0 0 0 1 1 2 1 2 0 0 2 1 1 0 0 4 1 0 
0 0 1 3 1 2 0 1 1 1 2 2 1 4 0 1 3 2 0 6 0 3 2 1 4 4 2 2 3 5 4 3 3 2 4 2 6 10 13 2 8 10 10 13 19 58 674 28 7 9 6 6 2 4 10 3 6 1 3 0 0 2 4 0 4 2 1 3 3 6 1 4 1 1 2 1 2 2 2 2 1 2 2 4 1 0 1 3 1 3 1 0 2 1 3 1 1 0 1 2 2 2 2 0 1 0 0 2 0 0 1 2 1 1 1 0 1 1 2 0 2 0 0 0 1 0 1 0 0 2 3 0 1 3 2 1 1 1 0 1 0 1 0 0 1 1 1 1 1 2 1 1 0 2 1 
0 0 1 2 0 1 0 3 1 2 2 1 1 5 2 0 1 0 2 2 2 3 2 1 5 1 1 3 2 1 5 0 5 4 2 1 1 7 2 2 4 4 4 5 6 3 28 454 32 15 11 9 9 6 4 10 6 7 4 0 0 1 3 2 3 2 1 4 3 1 4 2 1 4 7 4 2 4 3 3 1 1 2 2 3 4 0 2 2 0 1 3 0 4 1 2 1 2 1 0 0 2 0 4 0 1 0 0 3 1 4 0 0 1 1 0 0 3 1 1 1 0 0 0 0 0 2 0 0 0 0 0 2 0 1 0 0 1 0 0 0 0 1 1 3 0 1 1 2 0 2 1 1 2 2 
0 1 0 0 1 1 0 0 1 2 3 1 1 1 2 1 3 0 1 0 2 1 2 1 0 3 1 1 0 2 2 0 2 3 2 2 2 4 0 5 4 4 5 4 4 3 7 32 308 22 1 7 12 8 5 2 8 4 3 0 0 2 0 2 2 0 2 2 2 4 1 0 2 1 0 1 1 5 1 1 1 0 0 2 0 3 3 3 0 1 1 0 1 1 0 0 0 2 1 0 0 0 1 0 0 0 0 0 3 0 0 1 0 0 0 0 0 0 0 1 0 0 1 0 0 1 1 0 1 1 0 0 1 1 1 2 0 0 1 0 0 0 1 0 0 0 1 0 2 1 0 1 0 1 1 
0 0 1 2 1 0 0 0 2 2 5 1 0 0 1 1 1 1 3 2 2 3 5 2 4 1 2 5 2 1 3 2 3 1 4 0 5 5 3 3 0 5 3 6 3 8 9 15 22 540 26 14 10 14 10 6 6 5 6 0 0 3 9 5 7 6 5 2 4 4 1 6 4 1 2 3 3 5 2 1 1 2 3 4 3 2 0 0 4 2 0 0 2 1 3 3 0 2 1 4 3 2 4 2 0 2 2 2 4 1 0 4 0 2 1 2 2 1 1 2 1 4 0 0 3 0 2 0 1 0 1 0 2 1 2 0 1 0 1 1 1 0 2 0 0 0 2 0 1 0 0 0 0 2 3 
0 0 0 5 2 2 0 2 3 0 3 2 3 3 1 5 3 4 3 3 3 4 3 6 4 3 6 5 1 3 7 1 7 4 7 3 6 7 6 5 5 6 7 6 9 11 6 11 1 26 692 32 19 10 6 5 12 9 4 0 0 2 8 8 3 6 2 3 2 4 3 4 7 7 1 1 2 2 4 4 4 2 1 1 2 1 1 1 3 5 1 1 4 1 0 6 1 5 3 3 1 2 2 3 2 1 2 2 0 2 0 1 1 2 1 1 1 0 0 0 0 1 3 1 1 1 0 2 0 2 1 1 0 2 0 1 2 2 1 0 0 2 0 1 3 2 2 1 1 0 1 0 1 0 0 
0 1 1 1 2 3 1 2 0 4 1 1 1 3 4 2 3 2 1 4 2 1 3 2 5 4 5 3 4 3 5 5 4 5 6 6 6 7 8 4 4 2 7 11 7 9 6 9 7 14 32 580 20 7 9 9 8 14 3 0 0 6 8 7 4 5 7 7 3 7 2 4 1 6 4 6 5 4 2 3 1 2 1 3 2 4 3 3 2 0 0 2 1 1 0 2 2 0 1 1 2 1 1 0 0 2 1 2 1 3 5 3 6 0 5 4 2 0 1 2 1 1 0 0 3 3 0 1 0 0 1 1 1 2 1 1 2 0 1 0 1 3 1 0 1 1 1 0 1 1 1 1 0 0 0 
0 0 1 2 1 1 1 0 0 2 3 1 2 0 0 1 0 4 1 0 0 2 3 4 2 4 2 0 0 2 4 2 3 3 1 1 2 1 4 2 5 3 4 3 7 6 2 9 12 10 19 20 352 18 6 12 7 3 3 0 0 3 3 6 7 3 3 3 1 3 4 5 0 3 0 3 3 0 3 1 0 0 1 3 3 2 0 2 1 2 1 0 0 2 1 3 1 2 0 0 0 5 0 1 0 0 0 0 1 2 0 0 1 0 2 0 0 0 0 0 1 0 0 1 4 0 0 0 0 0 2 1 0 2 0 0 1 0 0 0 1 0 0 0 0 0 1 1 0 0 2 0 0 0 0 
0 0 0 1 2 1 0 3 0 0 4 2 2 2 1 4 4 1 0 3 0 2 3 2 2 1 0 0 4 4 6 3 4 0 2 1 2 4 7 3 0 5 10 6 3 4 4 6 8 14 10 7 18 558 29 18 27 6 2 0 0 6 4 5 4 7 6 2 3 4 1 1 2 5 7 4 7 0 1 2 0 2 1 2 1 3 1 0 1 1 0 2 0 1 1 5 4 1 0 1 2 0 1 0 2 2 1 3 1 0 1 1 1 1 0 0 0 0 3 2 0 0 1 0 1 1 0 1 0 0 1 1 2 2 0 1 1 0 2 0 0 0 1 0 1 0 0 0 1 0 0 1 1 2 1 
0 0 1 1 1 0 2 2 2 0 5 2 0 3 2 1 2 2 1 0 6 0 1 4 2 3 2 1 3 0 1 0 1 4 6 5 1 2 2 4 1 1 3 6 5 4 10 4 5 10 6 9 6 29 518 35 21 11 2 0 0 5 4 3 6 1 1 4 5 2 1 4 2 1 0 1 2 1 2 2 2 1 2 4 1 2 2 0 0 1 3 1 0 1 2 0 1 3 2 4 1 2 2 1 4 2 0 2 2 3 1 3 1 1 1 1 1 1 1 1 1 0 0 2 1 1 1 2 1 1 2 2 1 2 0 2 1 1 0 0 0 0 0 2 2 0 1 0 0 4 2 1 2 2 0 
0 0 0 1 1 2 2 0 1 0 3 3 2 0 1 3 3 2 2 2 1 5 0 2 6 2 1 10 4 5 4 3 2 10 3 4 4 4 3 2 5 4 5 4 4 8 3 10 2 6 5 9 12 18 35 712 46 17 11 0 0 7 5 6 2 4 7 4 2 5 3 1 4 3 1 4 2 2 2 3 5 4 2 5 1 5 3 5 4 2 4 1 2 2 4 2 3 2 1 1 1 1 2 2 4 0 4 5 0 4 0 2 1 5 2 0 2 1 0 3 0 2 0 2 0 1 0 1 2 0 2 1 1 1 2 2 4 0 2 1 1 0 1 0 1 2 1 0 3 1 1 0 3 0 0 
0 0 0 1 0 1 0 0 4 2 2 3 5 2 3 2 2 2 2 2 4 4 5 4 3 3 3 4 1 4 2 2 5 6 1 4 1 4 4 2 2 3 4 9 8 4 6 6 8 6 12 8 7 27 21 46 766 42 26 0 0 9 8 4 2 8 0 5 5 7 2 3 6 6 3 5 5 3 3 4 3 2 1 1 3 3 6 3 1 1 6 5 5 5 1 0 0 3 3 5 0 3 2 0 3 4 0 2 1 4 4 3 5 1 4 1 1 2 1 1 1 1 2 0 2 0 1 1 2 0 2 1 0 3 2 1 0 1 3 2 1 3 4 0 3 1 1 0 1 3 0 0 0 0 2 
0 0 1 1 3 0 1 4 0 1 3 0 0 1 5 0 2 4 2 0 2 3 6 2 4 3 2 3 5 3 3 3 7 8 7 5 3 8 7 5 5 5 5 3 8 6 1 7 4 5 9 14 3 6 11 17 42 794 32 0 0 6 8 4 6 8 3 6 4 2 3 6 8 5 2 3 6 2 5 9 5 5 2 1 6 3 4 4 3 2 1 4 0 3 3 2 4 3 6 2 2 2 1 4 2 3 1 3 1 2 0 0 0 2 3 1 1 0 1 1 1 3 2 1 1 1 3 2 2 1 1 1 2 0 1 1 3 0 0 0 1 4 1 0 2 1 0 0 0 2 1 1 1 3 2 
0 0 1 0 3 1 0 2 1 1 1 3 1 1 2 0 3 3 0 1 2 5 1 2 1 4 1 3 1 2 3 6 3 8 8 6 7 4 7 0 1 2 2 6 3 2 3 4 3 6 4 3 3 2 2 11 26 32 688 0 0 233 15 11 4 4 4 4 3 2 2 4 6 4 5 4 5 4 4 4 1 5 4 3 1 4 2 6 5 4 2 1 3 1 2 4 2 3 1 0 1 2 1 4 1 3 1 1 0 3 5 1 1 0 1 2 2 4 2 1 1 1 1 1 1 2 1 0 0 0 0 1 1 1 3 2 0 1 2 3 1 1 3 1 3 4 2 2 0 2 0 1 0 0 3 
0 0 0 0 0 0 0 0 0 0 0 0 0 0 0 0 0 0 0 0 0 0 0 0 0 0 0 0 0 0 0 0 0 0 0 0 0 0 0 0 0 0 0 0 0 0 0 0 0 0 0 0 0 0 0 0 0 0 0 0 0 0 0 0 0 0 0 0 0 0 0 0 0 0 0 0 0 0 0 0 0 0 0 0 0 0 0 0 0 0 0 0 0 0 0 0 0 0 0 0 0 0 0 0 0 0 0 0 0 0 0 0 0 0 0 0 0 0 0 0 0 0 0 0 0 0 0 0 0 0 0 0 0 0 0 0 0 0 0 0 0 0 0 0 0 0 0 0 0 0 0 0 0 0 0 
0 0 0 0 0 0 0 0 0 0 0 0 0 0 0 0 0 0 0 0 0 0 0 0 0 0 0 0 0 0 0 0 0 0 0 0 0 0 0 0 0 0 0 0 0 0 0 0 0 0 0 0 0 0 0 0 0 0 0 0 0 0 0 0 0 0 0 0 0 0 0 0 0 0 0 0 0 0 0 0 0 0 0 0 0 0 0 0 0 0 0 0 0 0 0 0 0 0 0 0 0 0 0 0 0 0 0 0 0 0 0 0 0 0 0 0 0 0 0 0 0 0 0 0 0 0 0 0 0 0 0 0 0 0 0 0 0 0 0 0 0 0 0 0 0 0 0 0 0 0 0 0 0 0 0 
0 0 2 2 3 5 0 0 2 0 1 1 1 0 0 3 1 2 3 1 1 2 4 0 1 1 3 1 4 1 3 3 5 7 4 2 2 3 2 1 0 0 1 3 4 3 2 1 2 3 2 6 3 6 5 7 9 6 233 0 0 702 42 16 10 8 9 2 4 7 1 5 2 6 4 4 2 2 1 3 2 6 6 5 4 6 1 5 5 2 5 3 2 1 4 2 1 0 3 1 0 2 1 3 2 0 1 0 1 1 2 1 3 0 0 0 1 0 0 2 1 1 0 1 1 2 0 0 0 1 1 1 0 1 0 2 1 1 2 0 0 4 1 3 1 2 1 1 2 2 1 0 0 0 1 
0 0 0 2 1 1 0 1 3 0 1 0 1 2 4 3 1 3 3 0 2 0 1 6 3 6 3 2 1 2 5 4 5 4 4 0 4 4 6 0 5 1 3 5 2 4 4 3 0 9 8 8 3 4 4 5 8 8 15 0 0 42 790 55 26 18 17 12 11 5 5 6 3 5 7 4 2 2 2 10 9 3 1 4 8 2 5 6 8 4 3 0 4 4 3 1 1 2 2 1 2 2 3 3 1 4 2 2 2 5 0 2 0 0 1 1 1 4 2 1 2 2 3 1 1 2 1 1 1 2 2 4 0 0 1 0 2 2 2 1 2 1 2 2 5 2 4 1 3 1 0 1 1 1 0 
0 0 0 2 4 0 0 2 1 0 1 2 1 1 2 0 3 3 2 0 2 2 1 1 1 5 3 2 4 2 1 2 3 9 1 3 3 2 3 0 2 4 7 6 4 1 0 2 2 5 8 7 6 5 3 6 4 4 11 0 0 16 55 658 51 27 13 8 7 6 4 5 6 1 5 5 7 8 6 4 5 5 7 2 5 1 3 4 6 4 1 1 3 4 0 2 2 1 1 2 3 3 1 2 2 1 1 3 2 3 1 2 0 1 3 2 0 2 0 1 2 1 2 5 2 1 3 0 2 0 1 3 2 0 0 2 0 4 1 0 0 1 0 2 0 2 1 2 1 2 1 3 1 0 1 
0 0 2 0 2 2 0 1 2 0 3 1 3 0 1 0 2 0 3 1 3 3 2 1 2 2 2 2 6 3 2 6 7 5 3 5 3 2 2 4 2 1 5 2 1 5 4 3 2 7 3 4 7 4 6 2 2 6 4 0 0 10 26 51 708 54 24 10 10 7 2 5 7 3 5 4 5 7 6 5 3 9 3 2 5 10 5 4 4 3 2 3 2 3 1 1 2 3 1 3 6 2 3 5 0 3 2 2 1 2 2 4 1 2 1 0 3 1 2 2 1 0 4 2 2 0 2 0 2 1 3 1 0 1 3 3 1 0 2 2 5 0 4 2 1 2 0 0 0 3 2 1 1 2 1 
0 0 0 2 3 0 1 3 5 1 0 0 1 2 0 1 1 2 0 1 4 2 3 0 0 1 2 0 4 5 2 1 2 5 2 3 3 3 3 3 4 1 1 4 5 4 2 2 0 6 6 5 3 7 1 4 8 8 4 0 0 8 18 27 54 844 47 25 8 6 3 8 8 5 12 9 6 0 6 13 8 8 8 5 3 8 5 8 1 4 1 4 3 3 4 1 4 2 1 4 2 1 2 2 2 5 3 1 5 2 3 3 1 0 4 1 2 2 1 3 1 2 0 2 2 0 1 1 6 0 1 2 1 4 0 1 0 1 2 0 3 0 4 2 1 0 3 2 1 0 1 0 1 1 0 
0 0 0 1 2 0 2 0 2 2 1 0 3 0 1 2 0 0 1 1 3 3 2 0 2 1 9 4 2 1 2 2 8 6 3 1 4 1 2 0 2 2 2 4 3 4 1 1 2 5 2 7 3 6 1 7 0 3 4 0 0 9 17 13 24 47 716 44 13 12 4 6 10 4 3 11 4 5 3 7 7 10 3 6 7 10 10 5 1 5 3 4 3 3 4 2 3 3 2 3 5 3 2 5 4 2 0 0 3 2 3 4 2 1 0 2 0 0 1 0 0 3 0 1 0 0 1 2 1 0 2 1 0 2 1 0 2 3 2 0 1 2 1 5 2 0 2 1 3 1 2 1 1 0 2 
0 0 0 1 2 1 1 5 2 1 0 1 2 0 4 2 3 2 0 0 2 2 4 3 2 3 2 0 1 0 3 3 4 9 3 5 2 5 2 4 1 1 6 4 4 4 3 4 2 2 3 7 3 2 4 4 5 6 4 0 0 2 12 8 10 25 44 566 17 18 11 10 7 4 7 6 5 6 8 5 1 4 4 4 6 5 2 7 2 6 2 7 4 0 3 2 2 1 4 5 1 4 3 3 1 2 2 3 1 0 1 3 2 0 1 3 0 2 2 2 0 4 1 0 1 0 1 1 1 0 1 2 1 0 3 1 2 1 0 1 3 1 1 1 2 1 0 2 2 0 0 1 0 0 1 
0 0 1 0 1 3 2 4 1 0 1 3 1 2 2 2 7 1 0 1 3 2 1 2 1 1 1 2 2 2 0 4 4 2 2 2 2 1 2 1 2 2 1 4 2 4 3 3 2 4 2 3 1 3 5 2 5 4 3 0 0 4 11 7 10 8 13 17 550 26 13 14 4 6 9 5 2 5 4 4 4 1 2 7 3 3 2 2 3 3 1 1 2 5 2 4 2 1 4 3 5 6 0 4 1 2 3 3 1 1 0 1 2 0 4 0 2 2 2 3 1 0 0 1 2 1 0 3 0 1 0 0 3 4 2 1 4 3 1 2 2 2 2 1 2 0 0 1 1 0 2 3 0 0 1 
0 0 0 0 1 1 1 1 1 0 1 2 0 1 2 5 3 0 2 1 1 0 1 0 2 1 1 4 3 2 2 5 2 1 0 0 0 1 5 3 3 3 1 2 0 4 6 1 4 4 4 7 3 4 2 5 7 2 2 0 0 7 5 6 7 6 12 18 26 534 20 22 17 10 4 9 8 5 5 5 2 3 6 4 3 6 4 4 2 1 5 3 1 1 3 2 1 3 1 7 2 2 7 2 2 1 3 3 1 3 4 3 2 1 3 2 1 1 1 2 2 2 1 0 1 1 1 0 1 3 1 2 0 5 0 3 3 0 1 2 2 1 4 2 2 0 1 1 2 1 0 2 3 0 0 
0 0 0 0 0 2 0 0 0 1 0 0 0 2 1 3 0 1 1 1 0 0 0 1 0 3 0 2 1 0 2 0 1 0 0 3 2 2 3 2 1 6 2 3 0 3 1 4 1 1 3 2 4 1 1 3 2 3 2 0 0 1 5 4 2 3 4 11 13 20 472 18 3 13 2 6 9 5 7 2 3 5 3 2 2 1 1 1 7 3 5 2 0 5 0 3 1 3 3 0 2 0 2 4 1 2 1 2 7 3 0 2 2 0 2 4 0 2 3 1 1 2 0 0 1 1 2 2 1 2 2 2 3 0 0 0 0 1 1 0 1 0 1 1 1 1 1 2 0 0 3 0 0 3 1 
0 0 1 2 0 0 1 1 2 0 0 1 3 1 3 2 3 2 0 1 0 3 0 2 0 1 3 0 1 1 3 5 5 2 2 2 4 1 2 2 7 5 3 1 3 2 4 2 0 6 4 4 5 1 4 1 3 6 4 0 0 5 6 5 5 8 6 10 14 22 18 616 73 11 7 9 7 9 7 4 3 8 3 1 5 4 6 2 4 1 2 2 4 2 6 1 2 2 0 5 3 5 3 5 4 6 4 7 2 1 2 1 3 1 1 3 2 2 1 0 1 0 1 0 0 1 2 2 6 4 2 2 1 2 2 1 0 1 0 1 0 0 0 1 1 3 0 1 2 1 3 1 1 1 0 
0 0 1 0 2 0 0 1 2 1 2 2 2 1 1 1 5 2 0 2 0 4 4 1 3 5 0 4 3 1 0 4 0 1 1 1 2 1 4 3 0 1 5 1 3 3 1 1 2 4 7 1 0 2 2 4 6 8 6 0 0 2 3 6 7 8 10 7 4 17 3 73 662 35 14 17 10 6 16 8 9 4 2 3 5 3 9 8 1 4 5 3 8 3 4 2 5 3 5 4 2 2 3 5 5 4 1 4 3 5 4 6 4 0 5 1 4 0 0 1 2 3 2 1 1 1 0 2 0 0 3 2 1 0 4 1 0 2 2 0 0 0 1 1 2 2 2 0 1 1 4 4 0 1 1 
0 0 1 1 2 1 1 2 0 1 1 1 0 1 4 1 4 3 1 0 0 1 2 2 0 1 1 2 4 1 1 2 1 3 1 3 2 2 4 1 1 1 3 2 3 5 1 4 1 1 7 6 3 5 1 3 6 5 4 0 0 6 5 1 3 5 4 4 6 10 13 11 35 646 32 17 19 9 6 8 8 5 4 3 4 5 7 4 3 3 4 6 6 1 5 1 5 1 6 2 1 5 2 3 6 5 2 3 1 0 1 5 0 0 0 2 4 3 0 3 0 2 1 2 1 1 0 1 2 0 0 0 3 1 1 4 0 3 3 0 0 1 1 0 0 1 0 0 1 1 0 1 1 1 0 
0 0 0 2 0 2 1 1 0 0 1 2 2 1 2 0 4 4 1 0 2 0 3 4 0 3 3 2 1 2 3 1 0 1 2 0 4 0 1 2 1 1 4 1 1 1 2 7 0 2 1 4 0 7 0 1 3 2 5 0 0 4 7 5 5 12 3 7 9 4 2 7 14 32 680 36 19 5 10 10 9 8 11 5 9 6 4 5 3 3 1 3 10 10 3 1 2 1 2 4 2 1 2 5 10 6 1 6 3 3 4 0 0 2 4 0 1 3 3 4 5 3 2 0 3 1 0 1 0 5 1 0 0 0 0 0 3 0 2 0 2 3 2 0 1 1 1 3 1 1 2 2 1 4 2 
0 0 0 0 1 0 0 1 0 1 1 0 0 1 2 1 1 6 0 0 0 0 1 1 0 3 0 5 3 0 2 3 2 4 2 4 2 3 0 2 1 1 3 4 2 3 1 4 1 3 1 6 3 4 1 4 5 3 4 0 0 4 4 5 4 9 11 6 5 9 6 9 17 17 36 638 28 26 17 17 13 10 8 8 15 7 6 7 4 6 3 4 2 5 6 3 2 0 4 3 2 5 2 2 3 2 1 4 1 2 4 3 3 1 1 3 2 4 1 2 2 2 3 1 1 1 0 3 2 2 4 1 2 4 1 1 1 0 2 3 2 1 3 1 2 1 1 2 2 2 2 2 1 0 2 
0 1 1 0 1 0 0 1 1 1 2 3 3 0 1 1 1 1 0 0 2 2 0 0 0 0 1 3 1 3 3 1 1 2 3 0 2 2 2 0 2 2 3 1 2 4 2 2 1 3 2 5 3 7 2 2 5 6 5 0 0 2 2 7 5 6 4 5 2 8 9 7 10 19 19 28 722 38 18 15 8 7 15 8 9 5 1 4 5 4 5 0 4 6 4 4 5 0 4 2 4 2 5 3 1 0 2 3 2 2 4 3 4 0 1 4 1 2 2 1 2 4 2 3 1 0 4 1 1 1 2 0 0 3 3 2 0 1 1 2 1 2 2 3 1 0 1 2 5 1 4 2 0 2 2 
0 0 0 0 1 1 0 0 1 2 3 0 0 0 2 2 1 0 0 1 1 2 0 2 2 2 2 1 1 2 4 3 5 2 0 1 3 2 4 1 2 2 2 1 2 1 2 4 5 5 2 4 0 0 1 2 3 2 4 0 0 2 2 8 7 0 5 6 5 5 5 9 6 9 5 26 38 730 72 25 12 6 9 12 12 4 5 10 2 2 4 3 6 5 3 9 3 2 1 1 2 4 3 5 4 3 1 1 6 6 3 3 4 0 0 4 0 1 1 0 3 3 1 2 0 0 0 1 1 1 1 2 1 3 1 4 1 1 1 0 0 2 4 1 2 1 1 1 0 1 1 1 2 3 3 
0 0 0 2 0 1 1 1 0 2 1 3 1 0 0 4 2 2 0 2 5 0 1 0 2 1 1 5 2 0 1 2 1 5 5 3 3 3 5 2 2 4 4 3 1 2 2 3 1 2 4 2 3 1 2 2 3 5 4 0 0 1 2 6 6 6 3 8 4 5 7 7 16 6 10 17 18 72 1056 38 22 8 18 4 10 3 6 10 6 0 5 2 4 5 2 3 2 6 7 4 3 2 2 3 1 3 7 2 3 3 3 4 4 3 0 2 1 3 1 3 0 1 3 2 4 0 3 3 4 4 4 2 5 1 1 3 2 0 0 1 2 0 3 2 0 1 0 1 1 3 3 2 2 0 1 
0 0 0 2 0 0 0 0 3 2 2 3 1 0 3 1 1 3 1 1 0 2 6 3 1 2 1 5 2 0 1 1 2 2 2 3 3 5 4 1 2 1 2 1 5 2 2 3 1 1 4 3 1 2 2 3 4 9 4 0 0 3 10 4 5 13 7 5 4 5 2 4 8 8 10 17 15 25 38 674 33 17 17 18 5 9 10 7 7 5 1 5 4 3 6 3 7 5 3 2 4 4 3 2 4 4 3 1 0 3 4 1 1 1 1 4 3 0 1 2 2 0 0 5 2 2 0 2 2 4 0 4 4 2 1 1 4 2 2 0 0 1 0 4 3 2 0 1 2 1 1 3 1 2 3 
0 0 0 1 1 1 1 1 3 3 3 1 2 2 0 0 0 2 1 2 2 3 2 1 0 3 3 6 0 1 2 2 6 4 4 2 0 3 1 2 3 4 2 1 1 1 1 1 1 1 4 1 0 0 2 5 3 5 1 0 0 2 9 5 3 8 7 1 4 2 3 3 9 8 9 13 8 12 22 33 758 41 23 20 14 13 5 2 9 3 9 1 8 4 4 2 2 4 4 2 0 2 3 1 8 3 1 5 1 2 1 3 3 2 3 4 1 2 2 3 2 1 0 0 1 4 2 3 3 3 3 0 1 0 1 1 3 2 0 0 5 1 1 2 2 0 4 1 4 4 0 1 0 1 1 
0 0 0 1 1 1 1 0 0 1 0 0 0 1 1 2 0 1 0 3 1 1 0 1 0 1 0 2 5 2 1 4 0 4 2 2 2 2 2 1 4 2 2 4 1 5 2 1 0 2 2 2 0 2 1 4 2 5 5 0 0 6 3 5 9 8 10 4 1 3 5 8 4 5 8 10 7 6 8 17 41 808 58 19 16 11 8 6 6 3 3 5 4 8 1 1 2 3 0 2 2 3 6 2 2 0 0 2 2 4 3 0 2 2 1 3 3 1 0 3 6 1 1 1 3 2 1 3 2 2 5 1 1 0 1 0 1 1 3 2 1 4 3 2 1 1 5 2 3 0 3 1 0 2 4 
0 0 0 1 1 1 1 2 0 2 2 1 0 1 0 2 1 2 1 0 4 2 1 1 1 4 5 1 0 1 3 1 1 1 3 0 3 1 4 2 2 1 1 0 3 4 2 2 0 3 1 1 1 1 2 2 1 2 4 0 0 6 1 7 3 8 3 4 2 6 3 3 2 4 11 8 15 9 18 17 23 58 696 23 19 12 10 5 7 7 3 0 7 4 3 2 6 4 7 0 3 5 4 5 4 7 2 2 3 1 2 1 2 4 0 7 4 3 1 1 1 4 2 2 2 3 0 3 2 0 1 0 1 1 0 2 3 3 4 0 2 1 1 2 0 0 2 1 0 1 3 1 0 0 1 
0 1 0 0 1 0 2 1 0 3 2 1 2 0 1 2 1 0 4 1 0 2 0 0 0 0 2 2 4 1 0 2 1 2 1 0 4 0 0 1 0 3 2 0 2 3 4 2 2 4 1 3 3 2 4 5 1 1 3 0 0 5 4 2 2 5 6 4 7 4 2 1 3 3 5 8 8 12 4 18 20 19 23 656 32 18 14 8 7 6 7 7 2 10 7 2 1 5 4 4 1 0 1 2 3 2 3 3 2 2 1 2 1 2 3 3 1 3 0 2 0 1 2 1 5 2 4 1 2 2 1 1 3 2 2 1 1 2 0 2 1 3 2 1 3 3 2 3 1 3 3 2 0 3 1 
0 0 0 0 1 1 1 1 3 1 2 1 3 1 2 2 3 0 3 2 2 2 2 1 1 2 2 2 0 1 1 2 2 2 2 1 5 4 1 2 2 1 3 2 0 2 1 3 0 3 2 2 3 1 1 1 3 6 1 0 0 4 8 5 5 3 7 6 3 3 2 5 5 4 9 15 9 12 10 5 14 16 19 32 704 36 18 13 11 6 7 4 4 11 6 4 4 3 2 4 4 3 2 6 4 6 7 2 6 1 4 4 4 3 3 3 2 1 0 6 2 1 4 2 0 2 3 2 2 1 1 1 2 1 3 2 1 4 3 2 3 1 3 0 0 3 3 1 4 2 1 2 1 1 2 
0 0 0 2 0 0 1 0 0 0 3 0 0 2 3 2 1 2 1 0 3 2 2 1 0 4 2 1 2 1 1 0 1 2 3 5 1 3 4 2 1 1 1 0 3 0 0 4 3 2 1 4 2 3 2 5 3 3 4 0 0 6 2 1 10 8 10 5 3 6 1 4 3 5 6 7 5 4 3 9 13 11 12 18 36 780 37 19 13 7 8 8 8 3 7 7 4 3 5 3 6 4 1 1 5 3 1 4 2 2 3 3 2 2 1 3 6 1 1 3 0 4 2 1 1 2 3 4 0 2 0 1 1 1 1 0 1 2 1 0 1 3 10 1 5 1 1 3 0 4 0 0 1 1 1 
0 1 0 2 0 1 0 2 0 0 1 0 0 1 2 2 1 1 0 1 0 2 3 1 2 3 4 2 2 0 1 3 0 4 1 0 0 4 0 0 3 3 1 1 2 2 1 0 3 0 1 3 0 1 2 3 6 4 2 0 0 1 5 3 5 5 10 2 2 4 1 6 9 7 4 6 1 5 6 10 5 8 10 14 18 37 590 27 18 12 11 8 10 9 7 5 5 4 5 2 4 4 2 8 5 5 2 1 5 2 6 5 0 3 1 4 2 4 4 2 1 1 1 1 4 2 5 2 1 2 2 5 0 1 2 0 2 1 0 1 1 1 1 2 2 3 1 3 1 2 0 2 1 0 3 
0 0 0 2 2 3 1 0 2 1 1 0 2 1 1 0 1 2 2 0 1 0 1 1 2 3 3 2 3 2 1 1 3 2 1 0 1 1 0 3 2 1 0 4 0 1 3 2 3 0 1 3 2 0 0 5 3 4 6 0 0 5 6 4 4 8 5 7 2 4 1 2 8 4 5 7 4 10 10 7 2 6 5 8 13 19 27 722 29 19 13 11 9 9 5 1 4 5 5 2 6 2 5 1 5 0 7 3 3 2 5 3 6 2 3 4 2 0 0 3 0 2 3 1 3 3 1 4 2 2 3 2 2 1 3 1 0 4 4 0 2 0 5 7 3 3 1 2 2 3 0 5 0 1 4 
0 0 0 1 0 1 0 0 2 0 2 3 0 0 2 1 0 0 1 1 1 1 1 2 0 0 2 2 0 0 1 2 1 1 2 0 0 2 1 3 0 0 0 5 0 6 1 2 0 4 3 2 1 1 0 4 1 3 5 0 0 5 8 6 4 1 1 2 3 2 7 4 1 3 3 4 5 2 6 7 9 6 7 7 11 13 18 29 502 18 18 7 14 9 2 4 4 3 5 1 3 4 2 2 5 3 1 3 2 1 1 2 6 4 4 4 3 2 1 0 4 4 3 2 3 2 2 6 0 1 1 1 2 3 0 2 1 3 1 2 3 3 3 1 1 1 2 0 1 1 5 3 0 0 2 
0 0 0 0 1 0 5 2 0 1 1 2 0 0 1 1 0 0 1 0 0 5 1 1 0 0 0 1 4 2 2 1 0 0 0 4 0 3 4 0 0 1 2 2 0 0 3 0 1 2 5 0 2 1 1 2 1 2 4 0 0 2 4 4 3 4 5 6 3 1 3 1 4 3 3 6 4 2 0 5 3 3 7 6 6 7 12 19 18 454 23 11 5 6 4 4 3 2 6 7 3 2 1 0 5 2 3 6 4 1 2 2 4 2 1 4 1 1 4 1 1 1 5 2 2 3 3 1 1 1 2 1 1 0 2 2 3 2 3 0 1 2 6 4 3 3 3 0 0 3 0 7 0 2 3 
0 0 0 0 0 0 2 1 2 0 1 0 2 0 4 0 0 2 0 1 0 0 4 2 1 0 1 1 1 1 2 1 0 2 1 2 1 1 0 2 0 0 0 1 0 1 1 1 1 0 1 0 1 0 3 4 6 1 2 0 0 5 3 1 2 1 3 2 1 5 5 2 5 4 1 3 5 4 5 1 9 3 3 7 7 8 11 13 18 23 560 18 12 12 6 7 3 5 4 2 6 1 1 5 6 0 2 4 3 0 2 2 2 4 1 4 5 3 1 4 1 4 1 2 5 0 2 5 0 0 3 1 0 2 2 1 3 3 2 0 2 1 2 0 0 0 3 3 3 4 1 3 0 1 0 
0 0 1 1 1 0 1 1 1 4 0 3 0 0 2 1 2 1 2 1 1 0 1 0 2 4 2 1 2 2 2 2 2 2 2 2 3 1 2 1 0 1 1 1 0 1 0 3 0 0 1 2 0 2 1 1 5 4 1 0 0 3 0 1 3 4 4 7 1 3 2 2 3 6 3 4 0 3 2 5 1 5 0 7 4 8 8 11 7 11 18 326 31 10 12 10 4 6 9 7 2 5 2 4 6 7 2 3 3 4 2 3 2 4 0 2 2 1 3 2 3 2 1 3 1 2 2 3 4 1 1 3 0 0 3 2 1 2 5 2 0 2 0 1 2 1 2 2 3 2 3 2 0 0 1 
0 0 1 2 0 1 0 1 2 2 1 1 1 0 1 0 2 0 1 1 2 1 1 3 1 2 2 2 0 0 0 2 2 3 2 0 2 2 2 2 0 1 1 1 2 2 2 0 1 2 4 1 0 0 0 2 5 0 3 0 0 2 4 3 2 3 3 4 2 1 0 4 8 6 10 2 4 6 4 4 8 4 7 2 4 8 10 9 14 5 12 31 542 27 15 11 10 5 8 7 4 0 3 2 7 3 2 3 4 5 3 3 3 4 5 7 2 0 1 2 2 1 1 2 3 1 5 2 0 0 4 2 1 1 1 4 2 1 1 0 2 1 1 0 2 1 1 4 0 0 3 1 1 0 3 
0 0 0 1 3 1 1 0 2 2 1 1 1 1 0 1 1 1 0 1 0 1 2 0 1 1 1 1 4 7 2 1 4 3 4 2 0 3 1 2 2 1 1 0 0 1 1 4 1 1 1 1 2 1 1 2 5 3 1 0 0 1 4 4 3 3 3 0 5 1 5 2 3 1 10 5 6 5 5 3 4 8 4 10 11 3 9 9 9 6 12 10 27 680 25 23 10 9 8 9 1 5 10 3 6 9 7 7 3 4 4 5 7 6 8 3 2 3 2 3 2 4 1 3 2 5 1 2 0 2 2 1 1 2 2 1 5 1 2 1 2 1 5 2 5 1 4 2 1 0 4 4 0 1 3 
0 0 0 1 1 1 1 1 2 2 0 1 3 1 2 2 0 0 2 2 4 2 0 1 2 2 2 1 1 2 1 1 1 2 2 0 2 2 2 2 2 1 2 0 0 1 3 1 0 3 0 0 1 1 2 4 1 3 2 0 0 4 3 0 1 4 4 3 2 3 0 6 4 5 3 6 4 3 2 6 4 1 3 7 6 7 7 5 2 4 6 12 15 25 624 35 18 14 16 16 2 8 6 7 11 3 6 5 1 5 4 5 3 3 5 6 3 3 2 0 2 4 0 3 2 3 4 5 3 2 2 3 0 0 3 0 3 3 4 2 3 5 1 3 1 2 1 4 2 2 1 1 0 1 3 
0 0 1 0 1 0 0 1 3 1 1 0 1 2 2 0 0 2 0 2 2 1 0 3 2 3 1 1 3 2 1 2 2 3 2 1 1 2 1 2 1 0 1 4 2 1 1 2 0 3 6 2 3 5 0 2 0 2 4 0 0 2 1 2 1 1 2 2 4 2 3 1 2 1 1 3 4 9 3 3 2 1 2 2 4 7 5 1 4 4 7 10 11 23 35 720 50 30 8 12 8 7 6 5 5 2 3 4 5 4 5 7 7 5 1 4 4 1 3 2 3 3 1 3 3 0 2 3 1 2 3 0 4 2 2 2 1 5 2 3 5 4 1 1 1 5 3 1 3 0 3 5 3 2 0 
0 0 1 0 2 0 2 1 1 0 1 1 2 1 1 1 1 4 1 1 1 2 0 0 3 1 1 1 2 1 2 2 0 1 1 3 0 2 2 2 3 2 5 2 0 4 1 1 0 0 1 2 1 4 1 3 0 4 2 0 0 1 1 2 2 4 3 2 2 1 1 2 5 5 2 2 5 3 2 7 2 2 6 1 4 4 5 4 4 3 3 4 10 10 18 50 834 27 19 13 7 8 7 6 4 5 8 4 4 9 6 4 2 5 2 2 4 2 3 3 2 3 0 2 3 2 3 4 5 3 7 5 7 3 5 1 4 3 5 2 3 1 3 3 2 2 2 1 2 4 2 2 0 0 1 
0 0 0 2 1 0 0 4 0 1 5 1 2 1 2 1 0 1 2 1 1 1 2 1 1 2 2 1 1 3 3 0 0 2 5 3 0 1 0 2 2 1 1 5 1 1 0 2 2 2 5 0 2 1 3 2 3 3 3 0 0 0 2 1 3 2 3 1 1 3 3 2 3 1 1 0 0 2 6 5 4 3 4 5 3 3 4 5 3 2 5 6 5 9 14 30 27 766 45 9 6 9 5 2 4 5 8 7 7 4 4 8 4 4 4 5 6 4 2 3 3 4 3 5 3 2 2 1 2 2 1 0 0 0 1 1 0 3 2 4 2 4 3 0 3 3 2 3 1 1 2 2 1 1 1 
0 0 0 1 0 0 1 0 0 0 2 1 1 2 0 0 1 1 0 0 0 3 3 1 0 0 4 1 3 2 1 3 2 4 2 3 3 1 3 0 0 2 2 2 3 3 1 1 1 1 3 1 0 0 2 1 3 6 1 0 0 3 2 1 1 1 2 4 4 1 3 0 5 6 2 4 4 1 7 3 4 0 7 4 2 5 5 5 5 6 4 9 8 8 16 8 19 45 690 44 9 11 12 5 10 8 4 3 2 3 5 1 4 5 3 2 4 5 3 2 5 1 2 3 3 6 3 2 4 2 3 0 2 2 3 4 5 5 2 5 2 0 4 1 1 4 2 5 1 4 4 4 0 2 0 
0 0 1 3 2 1 0 0 0 0 1 0 0 0 1 1 0 1 3 5 5 2 1 1 0 2 0 1 0 1 2 1 1 1 1 1 1 3 2 2 1 3 0 0 2 3 2 0 0 4 3 1 0 1 4 1 5 2 0 0 0 1 1 2 3 4 3 5 3 7 0 5 4 2 4 3 2 1 4 2 2 2 0 4 4 3 2 2 1 7 2 7 7 9 16 12 13 9 44 660 27 14 7 8 4 4 6 6 4 8 11 10 7 3 3 6 4 4 2 4 3 3 5 2 5 2 2 2 2 1 6 0 3 3 0 3 5 3 1 2 0 5 6 5 2 4 0 2 3 0 4 3 0 2 3 
0 1 1 0 1 1 0 0 0 2 0 1 2 1 1 0 1 1 1 1 1 1 1 3 2 0 2 0 1 2 0 2 1 1 0 1 2 1 1 0 0 1 3 0 0 1 2 0 0 3 1 2 0 2 1 1 0 2 1 0 0 0 2 3 6 2 5 1 5 2 2 3 2 1 2 2 4 2 3 4 0 2 3 1 4 6 4 6 3 3 6 2 4 1 2 8 7 6 9 27 652 37 14 10 6 7 4 8 9 5 4 4 7 5 2 3 1 4 1 2 3 2 5 3 3 3 2 1 1 3 2 3 4 4 1 3 7 3 1 2 4 2 3 1 1 1 2 2 3 1 4 1 1 2 2 
0 0 0 0 2 1 1 2 2 0 0 0 0 0 2 2 1 1 2 1 1 0 4 2 0 2 0 2 1 1 0 2 4 1 1 1 2 5 2 1 0 2 0 3 0 2 2 2 0 2 2 1 5 0 2 1 3 2 2 0 0 2 2 3 2 1 3 4 6 2 0 5 2 5 1 5 2 4 2 4 2 3 5 0 3 4 4 2 4 2 1 5 0 5 8 7 8 9 11 14 37 740 32 20 12 3 8 9 11 9 3 5 10 4 8 6 3 3 2 4 8 4 3 1 2 2 1 1 7 1 2 2 7 0 1 2 3 3 1 6 2 2 2 2 1 0 2 4 3 1 0 6 0 3 1 
0 0 0 0 1 1 0 1 0 3 0 0 3 2 3 4 1 1 1 2 2 1 1 2 0 0 1 1 2 1 0 1 2 3 0 0 0 3 1 1 1 2 2 0 1 0 2 0 1 4 2 1 0 1 2 2 2 1 1 0 0 1 3 1 3 2 2 3 0 7 2 3 3 2 2 2 5 3 2 3 3 6 4 1 2 1 2 5 2 1 1 2 3 10 6 6 7 5 12 7 14 32 668 27 8 10 8 8 4 6 5 4 8 4 4 3 5 3 2 5 2 4 5 1 1 3 1 2 3 5 3 6 2 3 5 1 3 0 4 1 1 1 3 2 0 4 6 0 2 2 1 4 1 2 0 
0 0 1 0 1 0 1 2 1 3 0 1 1 2 4 2 0 1 0 1 3 0 3 3 1 1 0 0 1 1 1 0 0 3 1 2 0 3 0 1 3 2 0 3 1 0 0 4 0 2 3 0 1 0 1 2 0 4 4 0 0 3 3 2 5 2 5 3 4 2 4 5 5 3 5 2 3 5 3 2 1 2 5 2 6 1 8 1 2 0 5 4 2 3 7 5 6 2 5 8 10 20 27 676 33 16 11 5 7 5 9 11 7 7 7 4 3 4 2 4 2 4 2 3 5 4 3 2 3 4 7 4 2 2 5 4 0 4 3 1 4 5 5 2 6 0 2 1 3 2 3 1 1 1 1 
0 0 0 1 2 1 0 0 2 0 2 1 0 0 1 4 3 1 2 2 0 0 0 4 0 1 0 2 3 1 2 2 1 0 4 1 3 4 0 4 1 2 2 1 5 1 1 0 0 0 2 0 0 2 4 4 3 2 1 0 0 2 1 2 0 2 4 1 1 2 1 4 5 6 10 3 1 4 1 4 8 2 4 3 4 5 5 5 5 5 6 6 7 6 11 5 4 4 10 4 6 12 8 33 792 32 14 10 9 6 8 7 8 5 5 8 4 7 2 2 3 3 2 2 5 2 2 1 3 1 10 2 5 6 3 2 3 5 1 2 1 1 4 3 2 1 3 5 3 2 2 3 0 1 2 
0 0 1 1 1 0 2 0 0 1 2 2 0 2 0 2 2 1 2 2 2 3 0 2 0 0 1 2 2 0 1 2 1 1 1 0 3 0 3 2 3 2 1 1 0 2 0 1 0 2 1 2 0 2 2 0 4 3 3 0 0 0 4 1 3 5 2 2 2 1 2 6 4 5 6 2 0 3 3 4 3 0 7 2 6 3 5 0 3 2 0 7 3 9 3 2 5 5 8 4 7 3 10 16 32 712 21 19 12 13 8 8 6 6 13 3 6 5 5 2 1 5 0 5 3 2 2 4 3 3 0 5 3 3 5 5 1 3 1 2 3 3 3 2 2 3 1 2 1 4 0 3 1 2 2 
0 0 1 0 0 0 0 1 0 1 2 1 4 0 1 0 0 0 3 5 0 2 2 1 1 1 2 0 2 0 0 1 2 0 0 0 1 3 2 0 0 1 2 1 0 4 0 0 0 2 2 1 0 1 0 4 0 1 1 0 0 1 2 1 2 3 0 2 3 3 1 4 1 2 1 1 2 1 7 3 1 0 2 3 7 1 2 7 1 3 2 2 2 7 6 3 8 8 4 6 4 8 8 11 14 21 710 32 17 7 15 10 6 7 5 5 3 5 1 1 8 0 5 3 4 1 0 0 2 3 4 6 2 2 4 1 1 1 0 3 1 2 5 3 1 2 1 2 3 1 4 2 3 2 1 
0 0 0 2 0 0 0 2 0 1 0 2 0 1 1 3 2 1 2 0 1 3 0 1 2 0 1 3 2 3 0 1 0 2 0 2 0 0 0 2 4 2 1 1 3 0 2 0 0 2 2 2 0 3 2 5 2 3 1 0 0 0 2 3 2 1 0 3 3 3 2 7 4 3 6 4 3 1 2 1 5 2 2 3 2 4 1 3 3 6 4 3 3 7 5 4 4 7 3 6 8 9 8 5 10 19 32 800 51 22 13 11 8 12 9 7 3 2 5 4 5 0 1 3 3 0 5 6 5 4 3 5 2 4 1 6 4 2 3 2 2 0 2 0 1 0 3 0 0 3 1 6 0 0 2 
0 0 0 1 2 0 0 0 2 0 3 0 1 2 1 1 1 2 3 2 0 1 0 2 0 0 1 2 1 3 1 1 0 3 3 0 1 3 3 3 2 2 4 2 3 1 0 3 3 4 0 1 1 1 2 0 1 1 0 0 0 1 2 2 1 5 3 1 1 1 7 2 3 1 3 1 2 6 3 0 1 2 3 2 6 2 5 3 2 4 3 3 4 3 1 5 4 7 2 4 9 11 4 7 9 12 17 51 910 53 18 14 8 10 12 11 7 7 3 6 5 2 4 0 4 2 3 5 3 4 2 4 3 2 5 6 4 5 5 7 0 2 1 1 1 2 3 4 2 2 4 3 2 3 4 
0 0 0 0 1 1 0 2 1 0 3 0 3 1 1 1 1 2 2 2 2 3 2 0 2 0 0 1 1 2 0 1 1 1 2 4 0 0 2 3 4 4 1 0 3 2 0 1 0 1 2 3 2 0 3 4 4 2 3 0 0 1 5 3 2 2 2 0 1 3 3 1 5 0 3 2 2 6 3 3 2 4 1 2 1 2 2 2 1 1 0 4 5 4 5 4 9 4 3 8 5 9 6 5 6 13 7 22 53 872 34 12 5 7 6 6 8 5 2 2 4 5 3 2 2 4 3 6 7 4 6 6 3 4 1 5 1 1 1 3 2 4 0 2 1 2 3 1 2 1 4 5 1 2 2 
0 0 0 0 0 0 0 0 2 2 0 1 1 2 2 1 2 1 1 1 1 1 4 1 1 3 0 0 1 1 1 1 1 2 1 2 1 3 2 2 0 3 0 2 1 2 1 4 0 0 0 5 0 1 1 0 4 0 5 0 0 2 0 1 2 3 3 1 0 4 0 2 4 1 4 4 4 3 3 4 1 3 2 1 4 3 6 5 1 2 2 2 3 4 4 5 6 4 5 11 4 3 5 9 8 8 15 13 18 34 812 22 22 13 15 13 3 7 1 5 4 2 6 6 3 5 6 6 1 5 4 3 2 4 5 6 7 2 4 3 6 0 5 7 4 4 3 3 2 1 9 3 1 5 1 
0 0 1 1 1 2 2 1 1 0 0 0 0 0 1 2 3 0 2 3 1 2 1 2 3 3 2 3 0 0 1 1 0 2 0 0 0 1 1 2 1 1 0 1 1 1 2 0 1 4 1 3 0 1 3 2 3 0 1 0 0 1 2 2 4 3 4 3 1 3 2 1 6 5 0 3 3 3 4 1 3 0 1 2 4 3 5 3 2 2 2 3 3 5 5 7 4 8 1 10 4 5 4 11 7 8 10 11 14 12 22 724 41 19 15 9 8 7 4 2 5 4 2 2 2 5 5 6 2 2 8 5 4 0 0 1 5 2 1 1 1 2 5 3 4 1 6 3 3 1 5 3 0 0 0 
0 0 0 0 1 3 1 1 0 0 2 2 0 0 3 1 2 1 0 0 1 0 0 4 0 1 3 2 2 0 0 2 0 3 0 0 2 2 1 0 0 3 0 2 1 1 1 0 0 0 1 6 1 1 1 1 5 0 1 0 0 3 0 0 1 1 2 2 2 2 2 3 4 0 0 3 4 4 4 1 3 2 2 1 4 2 0 6 6 4 2 2 3 7 3 7 2 4 4 7 7 10 8 7 8 6 6 8 8 5 22 41 712 36 24 12 13 4 6 4 5 6 1 5 1 3 6 3 6 4 4 3 2 5 3 3 2 4 2 2 4 3 3 2 3 2 4 6 1 3 5 3 1 0 1 
0 0 1 2 2 2 0 1 1 1 2 1 1 2 0 2 3 1 2 1 0 1 2 0 3 1 0 1 1 3 2 1 2 0 1 3 0 1 2 0 3 1 0 1 0 0 1 1 0 2 2 0 0 1 1 5 1 2 0 0 0 0 0 1 2 0 1 0 0 1 0 1 0 0 2 1 0 0 3 1 2 2 4 2 3 2 3 2 4 2 4 4 4 6 3 5 5 4 5 3 5 4 4 7 5 6 7 12 10 7 13 19 36 590 32 11 12 11 3 6 4 3 0 5 9 3 3 2 3 4 5 6 4 3 5 3 1 6 1 2 5 1 4 1 1 4 2 3 2 5 3 1 0 2 0 
0 0 0 0 1 0 1 1 1 0 2 0 2 1 2 1 1 2 2 0 0 1 2 1 1 2 3 1 0 0 3 2 2 2 1 1 0 1 1 0 3 1 3 0 1 2 1 1 0 1 1 5 2 0 1 2 4 3 1 0 0 0 1 3 1 4 0 1 4 3 2 1 5 0 4 1 1 0 0 1 3 1 0 3 3 1 1 3 4 1 1 0 5 8 5 1 2 4 3 3 2 8 4 7 5 13 5 9 12 6 15 15 24 32 670 25 20 6 8 5 6 5 1 4 6 4 4 7 1 0 9 7 4 3 3 1 2 3 2 9 4 2 3 2 1 3 1 6 5 4 2 2 1 0 0 
0 0 1 0 2 0 0 2 3 0 2 2 5 0 1 0 0 2 1 1 2 0 1 0 2 0 2 2 0 0 1 0 3 1 1 3 3 0 0 0 0 3 0 2 0 2 0 0 0 2 1 4 0 0 1 0 1 1 2 0 0 0 1 2 0 1 2 3 0 2 4 3 1 2 0 3 4 4 2 4 4 3 7 3 3 3 4 4 4 4 4 2 7 3 6 4 2 5 2 6 3 6 3 4 8 3 5 7 11 6 13 9 12 11 25 746 49 25 10 10 3 4 7 2 5 5 2 5 6 8 5 4 4 9 3 3 2 0 2 2 4 3 3 5 9 1 5 6 3 2 3 5 1 2 1 
0 0 1 0 2 1 0 3 0 1 1 1 0 1 2 0 1 0 0 0 1 1 0 1 2 1 0 1 2 1 0 1 0 2 1 0 1 1 1 1 3 1 1 0 1 1 1 0 0 2 1 2 0 0 1 2 1 1 2 0 0 1 1 0 3 2 0 0 2 1 0 2 4 4 1 2 1 0 1 3 1 3 4 1 2 6 2 2 3 1 5 2 2 2 3 4 4 6 4 4 1 3 5 3 4 6 3 3 7 8 3 8 13 12 20 49 710 33 12 12 6 8 6 7 10 6 3 8 11 3 1 8 4 8 12 3 3 6 5 5 3 4 3 2 5 3 4 2 0 3 2 3 1 0 2 
0 0 0 1 0 3 0 1 1 1 2 0 2 2 0 1 2 0 0 0 0 1 1 1 1 0 0 2 1 2 0 0 1 2 1 1 1 0 0 0 5 0 1 2 0 0 1 3 0 1 0 0 0 0 1 1 2 0 4 0 0 0 4 2 1 2 0 2 2 1 2 2 0 3 3 4 2 1 3 0 2 1 3 3 1 1 4 0 2 1 3 1 0 3 3 1 2 4 5 4 4 3 3 4 7 5 5 2 7 5 7 7 4 11 6 25 33 710 29 11 6 10 10 5 3 7 2 3 4 4 6 9 6 2 8 5 6 1 3 4 9 6 4 6 5 3 4 5 5 2 3 2 2 2 4 
0 0 0 0 0 2 1 0 1 2 1 0 0 0 1 2 2 0 0 1 0 0 1 1 2 2 0 2 1 0 0 0 1 0 0 1 0 3 3 2 0 0 4 2 0 1 2 1 0 1 0 1 0 3 1 0 1 1 2 0 0 0 2 0 2 1 1 2 2 1 3 1 0 0 3 1 2 1 1 1 2 0 1 0 0 1 4 0 1 4 1 3 1 2 2 3 3 2 3 2 1 2 2 2 2 5 1 5 3 2 1 4 6 3 8 10 12 29 594 26 8 4 14 5 2 3 5 5 9 2 9 4 6 6 3 6 8 6 1 1 4 3 3 1 3 1 0 1 3 0 6 5 2 1 1 
0 1 0 1 1 0 0 3 0 2 1 0 1 1 0 0 0 0 1 3 1 1 2 1 0 1 1 0 2 2 0 1 0 2 0 1 1 1 2 1 1 0 1 1 0 1 0 1 1 2 0 2 0 2 1 3 1 1 1 0 0 2 1 1 2 3 0 2 3 2 1 0 1 3 4 2 1 0 3 2 3 3 1 2 6 3 2 3 0 1 4 2 2 3 0 2 3 3 2 4 2 4 5 4 2 2 1 4 6 2 5 2 4 6 5 10 12 11 26 762 41 17 23 7 11 2 5 12 3 8 10 15 10 4 10 8 4 8 2 5 1 3 6 6 5 5 2 2 5 7 1 4 5 5 0 
0 0 0 1 2 0 2 0 0 0 0 1 0 1 0 0 1 0 1 0 0 0 2 0 2 2 0 0 1 1 2 1 1 1 2 2 0 0 0 2 1 2 0 3 0 3 2 1 0 1 0 1 1 0 1 0 1 1 1 0 0 1 2 2 1 1 0 0 1 2 1 1 2 0 5 2 2 3 0 2 2 6 1 0 2 0 1 0 4 1 1 3 2 2 2 3 2 3 5 3 3 8 2 2 3 1 8 5 5 4 4 5 5 4 6 3 6 6 8 41 728 46 31 9 10 6 5 9 5 8 6 8 7 3 8 6 10 6 6 7 2 4 6 4 8 11 8 8 5 3 0 2 2 1 0 
0 0 0 0 0 1 2 0 2 0 1 0 0 0 1 2 2 0 1 0 0 0 1 2 0 1 1 2 0 1 1 1 1 4 0 0 2 2 1 0 0 0 1 0 1 2 0 0 0 4 1 1 0 0 0 2 1 3 1 0 0 1 2 1 0 2 3 4 0 2 2 0 3 2 3 2 4 3 1 0 1 1 4 1 1 4 1 2 4 1 4 2 1 4 4 3 3 4 1 3 2 4 4 4 3 5 0 0 2 5 2 4 6 3 5 4 8 10 4 17 46 692 54 14 14 13 9 12 8 6 5 2 4 2 6 1 6 5 7 3 8 2 6 4 3 7 3 5 6 7 2 3 0 6 2 
0 1 1 1 1 0 2 2 0 0 1 1 2 0 1 0 1 2 1 0 1 3 1 0 1 2 1 1 0 1 1 0 1 1 0 0 1 0 3 0 0 1 2 0 1 0 0 0 1 0 3 0 0 1 0 0 2 2 1 0 0 0 3 2 4 0 0 1 0 1 0 1 2 1 2 3 2 1 3 0 0 1 2 2 4 2 1 3 3 5 1 1 1 1 0 1 0 3 2 5 5 3 5 2 2 0 5 1 4 3 6 2 1 0 1 7 6 10 14 23 31 54 836 33 18 9 12 7 11 9 17 6 5 9 7 6 5 3 7 9 3 5 5 5 5 8 3 6 6 8 1 5 2 3 4 
0 0 0 1 0 0 1 0 1 1 0 1 1 0 1 1 1 0 0 1 3 1 2 0 0 0 2 1 2 1 1 1 0 2 0 2 0 1 0 2 0 1 5 1 1 0 0 0 0 0 1 0 1 0 2 2 0 1 1 0 0 1 1 5 2 2 1 0 1 0 0 0 1 2 0 1 3 2 2 5 0 1 2 1 2 1 1 1 2 2 2 3 2 3 3 3 2 5 3 2 3 1 1 3 2 5 3 3 0 2 6 2 5 5 4 2 7 5 5 7 9 14 33 770 42 28 12 15 12 11 6 4 11 4 7 4 8 7 7 6 8 3 8 4 9 4 6 9 4 4 5 6 0 3 1 
0 0 1 1 1 3 1 0 0 0 4 0 2 0 1 1 1 2 0 1 0 1 3 2 2 3 0 2 1 0 3 0 0 3 0 0 1 1 3 0 0 1 2 0 0 1 1 0 0 3 1 3 4 1 1 0 2 1 1 0 0 1 1 2 2 2 0 1 2 1 1 0 1 1 3 1 1 0 4 2 1 3 2 5 0 1 4 3 3 2 5 1 3 2 2 3 3 3 3 5 3 2 1 5 5 3 4 3 4 2 3 2 1 9 6 5 10 3 2 11 10 14 18 42 746 47 19 20 13 6 14 7 4 5 7 1 10 8 5 7 8 5 7 11 5 9 2 5 3 1 1 5 1 2 1 
0 0 0 0 0 2 1 0 0 1 3 0 2 0 2 0 0 0 0 0 0 3 1 0 1 1 1 1 0 1 1 1 2 0 0 0 2 1 1 0 1 0 2 1 0 0 0 0 1 0 1 3 0 1 1 1 0 1 2 0 0 2 2 1 0 0 0 0 1 1 1 1 1 1 1 1 0 0 0 2 4 2 3 2 2 2 2 3 2 3 0 2 1 5 3 0 2 2 6 2 3 2 3 4 2 2 1 0 2 4 5 5 3 3 4 5 6 7 3 2 6 13 9 28 47 626 32 18 14 7 9 9 6 5 11 5 7 7 4 10 6 10 5 7 6 4 4 4 6 4 8 4 2 2 5 
0 0 1 0 2 2 1 1 2 0 0 0 0 0 0 0 2 0 0 1 3 0 1 1 0 0 2 0 0 1 3 1 1 3 3 1 0 2 0 1 1 0 1 1 0 0 1 2 1 2 0 0 0 0 1 0 1 3 1 0 0 0 1 3 2 1 1 1 0 1 2 2 0 0 0 0 4 0 3 0 2 1 0 4 3 3 5 1 2 3 2 2 5 1 4 2 3 2 3 2 2 1 1 3 2 2 0 5 3 3 6 5 6 3 4 2 3 2 5 5 5 9 12 12 19 32 622 39 17 4 5 3 7 7 6 5 6 11 8 13 8 6 3 8 4 10 6 8 10 5 5 9 5 3 0 
0 0 1 0 1 1 1 2 1 2 0 0 1 2 1 1 0 0 0 0 1 1 1 0 2 3 0 1 4 1 0 0 0 0 1 1 2 2 3 0 0 0 2 1 0 0 0 0 0 0 2 1 0 1 2 1 1 2 0 0 0 0 1 0 0 1 2 1 3 0 2 2 2 1 1 3 1 1 3 2 3 3 3 1 2 4 2 4 6 1 5 3 2 2 5 3 4 1 2 2 1 1 2 2 1 4 0 6 5 6 6 6 3 2 7 5 8 3 5 12 9 12 7 15 20 18 39 660 21 15 16 16 9 4 7 4 11 11 6 8 10 4 6 6 3 9 5 2 3 9 9 10 2 3 3 
0 0 0 0 0 1 1 0 0 0 0 0 0 0 3 0 0 0 0 0 0 0 2 0 1 1 0 0 0 3 0 1 0 1 0 1 0 1 0 0 1 1 4 2 0 1 0 0 1 1 0 0 0 0 1 2 2 2 0 0 0 0 1 2 2 6 1 1 0 1 1 6 0 2 0 2 1 1 4 2 3 2 2 2 2 0 1 2 0 1 0 4 0 0 3 1 5 2 4 2 1 7 3 3 3 3 2 5 3 7 1 2 6 3 1 6 11 4 9 3 5 8 11 12 13 14 17 21 606 34 15 10 12 6 13 11 11 6 5 7 5 4 5 6 4 3 3 3 4 6 2 7 3 4 2 
0 0 1 0 0 1 0 1 0 0 0 1 0 0 1 1 0 2 1 2 2 1 3 4 1 0 0 0 2 0 0 0 1 0 2 1 1 1 4 1 0 0 3 3 2 0 2 0 1 0 2 0 0 0 1 0 0 1 0 0 0 1 2 0 1 0 0 0 1 3 2 4 0 0 5 2 1 1 4 4 3 2 0 2 1 2 2 2 1 1 0 1 0 2 2 2 3 2 2 1 3 1 5 4 1 3 3 4 4 4 5 2 4 4 0 8 3 4 2 8 8 6 9 11 6 7 4 15 34 736 34 18 16 7 13 11 6 6 3 4 0 2 8 6 1 6 6 4 5 4 5 6 1 3 1 
0 0 0 0 1 0 0 0 1 2 3 0 1 1 1 2 1 2 1 0 6 2 0 1 0 2 2 0 2 1 1 2 1 3 1 1 0 3 3 0 0 1 1 0 0 2 3 0 0 1 1 1 2 1 2 2 2 1 0 0 0 1 2 1 3 1 2 1 0 1 2 2 3 0 1 4 2 1 4 0 3 5 1 1 1 0 2 3 1 2 3 1 4 2 2 3 7 1 3 6 2 2 3 7 10 0 4 3 2 6 4 8 4 5 9 5 1 6 9 10 6 5 17 6 14 9 5 16 15 34 744 34 21 19 18 14 9 10 8 3 5 6 6 5 4 4 9 6 7 5 8 6 2 6 5 
0 0 0 0 0 0 1 1 1 2 0 0 2 2 1 0 1 2 0 1 0 1 3 0 2 2 1 0 1 0 1 2 0 0 0 0 0 1 0 0 2 3 2 1 0 1 0 0 0 0 1 1 1 1 2 1 1 1 1 0 0 1 4 3 1 2 1 2 0 2 2 2 2 0 0 1 0 2 2 4 0 1 0 1 1 1 5 2 1 1 1 3 2 1 3 0 5 0 0 0 3 2 6 4 2 5 6 5 4 6 3 5 3 6 7 4 8 9 4 15 8 2 6 4 7 9 3 16 10 18 34 786 46 20 15 17 12 12 6 3 5 6 6 3 3 5 7 6 2 5 5 8 3 1 0 
0 0 1 0 1 1 1 1 0 1 1 1 0 3 2 0 1 1 1 0 0 0 0 1 2 0 0 1 1 0 2 0 0 1 0 1 0 0 2 1 0 1 0 0 1 0 1 2 1 2 0 1 0 2 1 1 0 2 1 0 0 0 0 2 0 1 0 1 3 0 3 1 1 3 0 2 0 1 5 4 1 1 1 3 2 1 0 2 2 1 0 0 1 1 0 4 7 0 2 3 4 7 2 2 5 3 2 2 3 3 2 4 2 4 4 4 4 6 6 10 7 4 5 11 4 6 7 9 12 16 21 46 722 37 19 8 10 16 8 13 1 3 3 2 3 1 4 3 3 6 5 6 2 1 2 
0 0 0 0 1 0 0 1 1 0 2 2 2 1 0 1 1 1 1 0 0 2 3 1 1 0 0 0 0 1 1 0 1 1 1 2 1 0 2 2 1 1 0 2 1 0 3 0 1 1 2 2 2 2 2 1 3 0 1 0 0 1 0 0 1 4 2 0 4 5 0 2 0 1 0 4 3 3 1 2 0 0 1 2 1 1 1 1 3 0 2 0 1 2 0 2 3 0 2 3 4 0 3 2 6 3 2 4 2 4 4 0 5 3 3 9 8 2 6 4 3 2 9 4 5 5 7 4 6 7 19 20 37 682 34 13 12 6 12 7 1 3 4 2 2 1 3 9 7 1 5 3 1 2 4 
0 0 0 0 0 0 2 2 2 0 1 0 0 3 0 0 3 1 3 1 0 0 0 0 1 1 2 0 1 3 0 0 0 2 1 0 1 1 5 0 1 0 0 6 1 0 2 1 1 2 0 1 0 0 0 2 2 1 3 0 0 0 1 0 3 0 1 3 2 0 0 2 4 1 0 1 3 1 1 1 1 1 0 2 3 1 2 3 0 2 2 3 1 2 3 2 5 1 3 0 1 1 5 5 3 5 4 1 5 1 5 0 3 5 3 3 12 8 3 10 8 6 7 7 7 11 6 7 13 13 18 15 19 34 816 50 24 6 10 7 7 6 6 1 6 3 6 5 0 6 3 3 8 2 3 
0 1 1 0 1 2 1 1 2 0 0 3 0 3 2 1 1 2 1 1 2 0 2 1 1 0 0 1 0 1 0 0 0 1 0 1 1 3 3 0 2 1 0 2 0 0 1 0 2 0 1 1 0 1 2 2 1 1 2 0 0 2 0 2 3 1 0 1 1 3 0 1 1 4 0 1 2 4 3 1 1 0 2 1 2 0 0 1 2 2 1 2 4 1 0 2 1 1 4 3 3 2 1 4 2 5 1 6 6 5 6 1 3 3 1 3 3 5 6 8 6 1 6 4 1 5 5 4 11 11 14 17 8 13 50 676 25 19 11 11 2 6 4 3 6 4 5 7 4 3 6 3 4 0 1 
0 0 0 1 2 1 0 1 1 0 0 1 0 0 0 1 2 0 0 2 1 1 1 1 5 1 1 2 0 0 1 3 1 1 3 1 1 0 2 1 2 0 2 2 1 0 1 0 0 1 2 2 1 1 1 4 0 3 0 0 0 1 2 0 1 0 2 2 4 3 0 0 0 0 3 1 0 1 2 4 3 1 3 1 1 1 2 0 1 3 3 1 2 5 3 1 4 0 5 5 7 3 3 0 3 1 1 4 4 1 7 5 2 1 2 2 3 6 8 4 10 6 5 8 10 7 6 11 11 6 9 12 10 12 24 25 674 37 21 9 11 6 8 7 7 3 8 7 3 3 8 4 1 3 4 
0 0 0 1 1 1 0 0 0 1 3 1 2 1 2 1 0 2 0 1 2 0 1 1 0 4 1 0 0 0 2 2 2 0 1 1 1 2 2 3 0 1 0 0 0 0 1 1 0 0 2 0 0 0 1 0 1 0 1 0 0 1 2 4 0 1 3 1 3 0 1 1 2 3 0 0 1 1 0 2 2 1 3 2 4 2 1 4 3 2 3 2 1 1 3 5 3 3 5 3 3 3 0 4 5 3 1 2 5 1 2 2 4 6 3 0 6 1 6 8 6 5 3 7 8 7 11 11 6 6 10 12 16 6 6 19 37 684 35 20 12 8 6 10 8 10 6 3 5 5 4 8 2 0 2 
0 1 0 2 1 0 1 0 0 0 1 0 1 2 1 0 1 0 0 0 0 0 3 0 0 1 0 0 0 0 0 1 0 2 0 0 1 0 0 0 1 0 1 2 0 0 0 0 1 1 1 1 0 2 0 2 3 0 2 0 0 2 2 1 2 2 2 0 1 1 1 0 2 3 2 2 1 1 0 2 0 3 4 0 3 1 0 4 1 3 2 5 1 2 4 2 5 2 2 1 1 1 4 3 1 1 0 3 5 1 4 1 2 1 2 2 5 3 1 2 6 7 7 7 5 4 8 6 5 3 8 6 8 12 10 11 21 35 708 35 14 12 11 10 7 5 5 9 8 3 2 5 3 1 5 
0 0 0 1 1 1 0 0 0 1 2 1 0 1 0 0 3 1 0 3 1 1 3 2 1 1 2 2 1 0 1 4 0 1 1 2 1 0 0 1 1 0 1 0 0 0 1 0 0 1 0 0 0 0 0 1 2 0 3 0 0 0 1 0 2 0 0 1 2 2 0 1 0 0 0 3 2 0 1 0 0 2 0 2 2 0 1 0 2 0 0 2 0 1 2 3 2 4 5 2 2 6 1 1 2 2 3 2 7 3 3 1 2 2 9 2 5 4 1 5 7 3 9 6 7 10 13 8 7 4 3 3 13 7 7 11 9 20 35 536 55 12 20 13 4 8 5 8 13 4 6 9 2 5 3 
0 0 1 1 1 0 0 3 0 0 1 0 1 0 0 0 0 1 2 0 0 1 3 1 0 1 1 1 0 0 2 0 1 0 2 0 0 0 0 1 1 1 2 1 1 1 0 0 0 1 0 1 1 0 0 1 1 1 1 0 0 0 2 0 5 3 1 3 2 2 1 0 0 0 2 2 1 0 2 0 5 1 2 1 3 1 1 2 3 1 2 0 2 2 3 5 3 2 2 0 4 2 1 4 1 3 1 2 0 2 6 1 4 5 4 4 3 9 4 1 2 8 3 8 8 6 8 10 5 0 5 5 1 1 7 2 11 12 14 55 590 38 27 15 17 13 12 8 11 8 4 7 6 3 4 
0 0 0 1 0 2 1 3 1 0 0 1 3 0 1 1 2 1 0 0 1 1 0 1 1 4 2 2 0 0 1 0 0 1 1 0 1 1 1 1 0 1 0 2 0 1 1 0 0 0 2 3 0 0 0 0 3 4 1 0 0 4 1 1 0 0 2 1 2 1 0 0 0 1 3 1 2 2 0 1 1 4 1 3 1 3 1 0 3 2 1 2 1 1 5 4 1 4 0 5 2 2 1 5 1 3 2 0 2 4 0 2 3 1 2 3 4 6 3 3 4 2 5 3 5 10 6 4 4 2 6 6 3 3 6 6 6 8 12 12 38 590 41 18 13 12 12 6 7 10 10 6 1 2 2 
0 0 0 2 6 1 1 0 2 0 2 0 0 0 3 1 4 0 0 2 0 1 1 2 1 2 2 1 0 0 1 0 2 0 0 1 4 2 2 0 0 2 0 1 1 2 0 1 1 2 0 1 0 1 0 1 4 1 3 0 0 1 2 0 4 4 1 1 2 4 1 0 1 1 2 3 2 4 3 0 1 3 1 2 3 10 1 5 3 6 2 0 1 5 1 1 3 3 4 6 3 2 3 5 4 3 5 2 1 0 5 5 3 4 3 3 3 4 3 6 6 6 5 8 7 5 3 6 5 8 6 6 3 4 6 4 8 6 11 20 27 41 736 42 13 19 12 9 11 5 5 8 3 1 6 
0 0 1 2 2 3 1 2 0 1 0 1 0 0 4 1 1 2 2 0 1 1 3 0 0 0 2 0 2 0 0 1 0 1 1 2 0 1 1 1 0 0 1 0 0 1 0 1 0 0 1 0 0 0 2 0 0 0 1 0 0 3 2 2 2 2 5 1 1 2 1 1 1 0 0 1 3 1 2 4 2 2 2 1 0 1 2 7 1 4 0 1 0 2 3 1 3 0 1 5 1 2 2 2 3 2 3 0 1 2 7 3 2 1 2 5 2 6 1 6 4 4 5 4 11 7 8 6 6 6 5 3 2 2 1 3 7 10 10 13 15 18 42 554 25 17 21 11 7 10 5 11 3 5 0 
0 0 0 0 0 0 0 2 0 3 0 1 1 0 3 1 0 1 0 1 0 1 0 1 0 4 0 0 1 1 0 2 2 4 0 0 0 1 0 1 0 0 1 0 0 2 1 3 0 0 3 1 0 1 2 1 3 2 3 0 0 1 5 0 1 1 2 2 2 2 1 1 2 0 1 2 1 2 0 3 2 1 0 3 0 5 2 3 1 3 0 2 2 5 1 1 2 3 1 2 1 1 0 6 2 2 1 1 1 1 4 4 3 1 1 9 5 5 3 5 8 3 5 9 5 6 4 3 4 1 4 3 3 2 6 6 7 8 7 4 17 13 13 25 562 44 34 26 14 3 8 8 8 9 7 
0 0 0 1 0 0 1 0 1 1 1 0 1 1 0 2 0 0 3 1 0 2 0 1 1 0 1 0 4 3 3 3 1 3 0 0 0 3 1 0 0 1 0 0 0 0 1 0 0 0 2 1 0 0 0 2 1 1 4 0 0 2 2 2 2 0 0 1 0 0 1 3 2 1 1 1 0 1 1 2 0 1 0 3 3 1 3 3 1 3 0 1 1 1 2 5 2 3 4 4 1 0 4 0 1 3 2 0 2 2 4 1 2 4 3 1 3 3 1 5 11 7 8 4 9 4 10 9 3 6 4 5 1 1 3 4 3 10 5 8 13 12 19 17 44 652 37 15 17 10 6 8 1 1 6 
0 0 0 0 2 0 2 0 0 0 0 2 0 0 0 1 0 0 0 2 0 2 1 1 1 3 1 1 3 1 2 0 0 1 1 0 3 0 1 0 0 0 1 1 0 0 1 1 1 2 2 1 1 0 1 1 1 0 2 0 0 1 4 1 0 3 2 0 0 1 1 0 2 0 1 1 1 1 0 0 4 5 2 2 3 1 1 1 2 3 3 2 1 4 1 3 2 2 2 0 2 2 6 2 3 1 1 3 3 3 3 6 4 2 1 5 4 4 0 2 8 3 3 6 2 4 6 5 3 6 9 7 4 3 6 5 8 6 5 5 12 12 12 21 34 37 694 32 26 14 9 16 5 5 3 
0 0 0 0 1 1 1 0 2 2 1 0 2 1 1 1 0 2 0 1 0 0 2 2 1 0 2 0 2 1 3 0 0 2 1 2 0 2 1 0 0 0 0 2 1 2 1 1 0 0 1 0 1 0 0 0 0 0 2 0 0 1 1 2 0 2 1 2 1 1 2 1 0 0 3 2 2 1 1 1 1 2 1 3 1 3 3 2 0 0 3 2 4 2 4 1 1 3 5 2 2 4 0 1 5 2 2 0 4 1 3 3 6 3 6 6 2 5 1 2 8 5 6 9 5 4 8 2 3 4 6 6 3 9 5 7 7 3 9 8 8 6 9 11 26 15 32 780 48 18 12 9 4 3 9 
0 0 0 1 1 1 2 0 3 0 1 0 0 2 3 0 1 1 1 0 0 0 1 0 1 1 0 1 1 1 1 0 1 2 0 0 0 4 0 0 1 0 1 0 0 1 1 2 2 1 1 1 0 1 0 3 1 0 0 0 0 2 3 1 0 1 3 2 1 2 0 2 1 1 1 2 5 0 1 2 4 3 0 1 4 0 1 2 1 0 3 3 0 1 2 3 2 1 1 3 3 3 2 3 3 1 3 0 2 2 2 3 1 2 5 3 0 5 3 5 5 6 6 4 3 6 10 3 4 5 7 2 3 7 0 4 3 5 8 13 11 7 11 7 14 17 26 48 576 37 23 12 3 2 3 
0 1 0 1 0 1 0 0 1 1 1 3 1 2 0 0 0 1 0 0 1 1 0 0 0 0 2 0 1 2 0 0 0 2 0 1 2 0 0 1 0 1 0 1 1 1 2 0 1 0 0 1 0 0 4 1 3 2 2 0 0 2 1 2 3 0 1 0 0 1 0 1 1 1 1 2 1 1 3 1 4 0 1 3 2 4 2 3 1 3 4 2 0 0 2 0 4 1 4 0 1 1 2 2 2 4 1 3 2 1 1 1 3 5 4 2 3 2 0 7 3 7 8 4 1 4 5 9 6 4 5 5 6 1 6 3 3 5 3 4 8 10 5 10 3 10 14 18 37 526 18 12 7 4 3 
0 1 0 1 0 2 1 0 0 0 0 1 2 1 3 0 1 2 1 1 1 0 0 1 2 0 0 0 1 0 0 0 1 1 0 5 0 1 0 0 0 0 2 0 0 0 1 2 0 0 1 1 2 0 2 1 0 1 0 0 0 1 0 1 2 1 2 0 2 0 3 3 4 0 2 2 4 1 3 1 0 3 3 3 1 0 0 0 5 0 1 3 3 4 1 3 2 2 4 4 4 0 1 3 2 0 4 1 4 4 9 5 5 3 2 3 2 3 6 1 0 2 1 5 1 8 5 9 2 5 8 5 5 5 3 6 8 4 2 6 4 10 5 5 8 6 9 12 23 18 618 46 10 2 6 
0 0 1 0 0 0 0 0 1 0 1 2 0 1 2 0 1 0 2 0 1 2 1 0 1 3 1 0 1 0 0 1 1 0 0 0 2 0 0 1 0 1 0 0 1 0 1 1 1 0 0 1 0 1 1 0 0 1 1 0 0 0 1 3 1 0 1 1 3 2 0 1 4 1 2 2 2 1 2 3 1 1 1 2 2 0 2 5 3 7 3 2 1 4 1 5 2 2 4 3 1 6 4 1 3 3 2 6 3 5 3 3 3 1 2 5 3 2 5 4 2 3 5 6 5 4 9 10 7 6 6 8 6 3 3 3 4 8 5 9 7 6 8 11 8 8 16 9 12 12 46 508 22 10 9 
0 0 1 0 0 0 2 2 0 2 1 0 0 1 0 1 2 0 0 1 0 1 2 0 1 0 0 2 0 0 0 0 1 1 0 2 0 2 0 0 3 1 0 0 0 4 0 1 0 0 1 0 0 1 2 3 0 1 0 0 0 0 1 1 1 1 1 0 0 3 0 1 0 1 1 1 0 2 2 1 0 0 0 0 1 1 1 0 0 0 0 0 1 0 0 3 0 1 0 0 1 0 1 1 0 1 3 0 2 1 1 0 1 0 1 1 1 2 2 5 2 0 2 0 1 2 5 2 3 1 2 3 2 1 8 4 1 2 3 2 6 1 3 3 8 1 5 4 3 7 10 22 294 20 3 
0 0 0 0 0 0 1 0 1 0 0 0 1 1 1 1 2 1 0 0 1 0 1 0 2 0 0 1 1 0 0 1 0 2 0 1 0 2 0 1 1 0 0 0 0 1 2 2 1 2 0 0 0 2 2 0 0 3 0 0 0 0 1 0 2 1 0 0 0 0 3 1 1 1 4 0 2 3 0 2 1 2 0 3 1 1 0 1 0 2 1 0 0 1 1 2 0 1 2 2 2 3 2 1 1 2 2 0 3 2 5 0 0 2 0 2 0 2 1 5 1 6 3 3 2 2 3 3 4 3 6 1 1 2 2 0 3 0 1 5 3 2 1 5 9 1 5 3 2 4 2 10 20 438 55 
0 0 0 0 0 0 2 0 1 0 1 0 3 1 3 0 1 0 0 0 1 0 1 3 0 1 2 1 2 1 3 0 1 1 2 0 1 2 0 0 0 2 0 1 0 0 1 2 1 3 0 0 0 1 0 0 2 2 3 0 0 1 0 1 1 0 2 1 1 0 1 0 1 0 2 2 2 3 1 3 1 4 1 1 2 1 3 4 2 3 0 1 3 3 3 0 1 1 0 3 2 1 0 1 2 2 1 2 4 2 1 0 1 0 0 1 2 4 1 0 0 2 4 1 1 5 0 3 2 1 5 0 2 4 3 1 4 2 5 3 4 2 6 0 7 6 3 9 3 3 6 9 3 55 488 
